1691109334459 0.7628549776393223 0
1691109334460 0.7521023789710433 0
1691109334461 0.7416714898271002 0
1691109334461 0.7313447970342536 0
1691109334462 0.7211486936319933 0
1691109334463 0.7110343747109029 0
1691109334463 0.7011740688699137 0
1691109334464 0.6912575049411238 0
1691109334465 0.681561058493049 0
1691109334466 0.6719799279512975 0
1691109334466 0.662886308997373 0
1691109334467 0.6539689115794598 0
1691109334468 0.6451614541780023 0
1691109334468 0.6363343471713102 0
1691109334469 0.6279736478560255 0
1691109334470 0.6194940109567919 0
1691109334471 0.6114576580139919 0
1691109334471 0.6036865316313172 0
1691109334472 0.5956033798074276 0
1691109334473 0.5880984214808 0
1691109334473 0.5808089168685887 0
1691109334474 0.5731510340292698 0
1691109334475 0.5658541328312792 0
1691109334476 0.558736795440405 0
1691109334476 0.5517152910754882 0
1691109334477 0.5448543438673905 0
1691109334478 0.5382180619006068 0
1691109334478 0.53167119115935 0
1691109334479 0.5253658587490401 0
1691109334480 0.5187058941626083 0
1691109334481 0.5125135653688117 0
1691109334481 0.5061445037074973 0
1691109334482 0.500105216017481 0
1691109334483 0.4941632529286875 0
1691109334483 0.48840426859107255 0
1691109334484 0.48279154977445465 0
1691109334485 0.47691009439012 0
1691109334485 0.471360411786172 0
1691109334486 0.46589928097422195 0
1691109334487 0.4605065103466678 0
1691109334488 0.4552839590657005 0
1691109334488 0.4501892486355549 0
1691109334489 0.4449692781801609 0
1691109334490 0.4400945004345047 0
1691109334490 0.43533798842148985 0
1691109334491 0.43054759966399114 0
1691109334492 0.4258771648103515 0
1691109334492 0.42104204632278147 0
1691109334493 0.4163311888105537 0
1691109334494 0.4117882295421265 0
1691109334495 0.40717392380921014 0
1691109334495 0.40289525157235384 0
1691109334496 0.39862991039982704 0
1691109334497 0.3943730950822104 0
1691109334497 0.3902311358131111 0
1691109334498 0.38622068034002727 0
1691109334499 0.3822707288956887 0
1691109334500 0.37828492445040784 0
1691109334500 0.37454516730615445 0
1691109334501 0.3709024703523009 0
1691109334502 0.3671961889664418 0
1691109334502 0.3635837897558759 0
1691109334503 0.3598675967777054 0
1691109334504 0.35634961917089975 0
1691109334504 0.3527190735101987 0
1691109334505 0.3494146627655705 0
1691109334506 0.346112227003778 0
1691109334506 0.34284618181468346 0
1691109334507 0.3395703921733203 0
1691109334508 0.33639071574045215 0
1691109334509 0.3332549219888247 0
1691109334509 0.330176401469064 0
1691109334510 0.3269624895552714 0
1691109334511 0.3239243847415608 0
1691109334511 0.32108294374888613 0
1691109334512 0.3182576489518854 0
1691109334513 0.3155736346865285 0
1691109334513 0.3127755488388814 0
1691109334514 0.3100120191393253 0
1691109334515 0.3073962483601964 0
1691109334516 0.30481891120426907 0
1691109334516 0.3021725674153402 0
1691109334517 0.2996751633941323 0
1691109334518 0.29720215829006086 0
1691109334518 0.294838176796251 0
1691109334519 0.2923999817746706 0
1691109334520 0.2899919206702239 0
1691109334521 0.28771574889103513 0
1691109334521 0.2853436873334993 0
1691109334522 0.28315893732044106 0
1691109334523 0.28099635184388616 0
1691109334523 0.2787774095336919 0
1691109334524 0.2766339425805669 0
1691109334525 0.27447399004886697 0
1691109334525 0.27240177329632836 0
1691109334526 0.2702778054263144 0
1691109334527 0.2683023977351193 0
1691109334528 0.2663964541298869 0
1691109334528 0.264444426773859 0
1691109334529 0.26251162315086146 0
