1691123875638 0.7251319538912991 0
1691123875639 0.6812200404051347 0
1691123875640 0.641517254664636 0
1691123875641 0.6055662183379525 0
1691123875642 0.5730373767017102 0
1691123875643 0.5435347900454752 0
1691123875644 0.5114731464025674 0
1691123875645 0.4855766987902633 0
1691123875646 0.46203232548774137 0
1691123875647 0.44044188009357 0
1691123875648 0.4184085643264648 0
1691123875649 0.4001998819697001 0
1691123875650 0.38161347167891674 0
1691123875651 0.3657366699398035 0
1691123875652 0.3492227680524745 0
1691123875653 0.3361602656695288 0
1691123875654 0.3229630331115248 0
1691123875655 0.3115993500520864 0
1691123875656 0.30036748163645366 0
1691123875657 0.2896489522359537 0
1691123875658 0.28077464719092954 0
1691123875659 0.2717085246182977 0
1691123875659 0.2634127112860313 0
1691123875660 0.2561651527257713 0
1691123875661 0.24879097194372723 0
1691123875662 0.24291080230635606 0
1691123875663 0.23681946960609088 0
1691123875664 0.23075942922607426 0
1691123875665 0.22543817821858925 0
1691123875666 0.2206624967630515 0
1691123875667 0.21575769097999944 0
1691123875668 0.2118849722292745 0
1691123875669 0.20788323368209902 0
1691123875670 0.20391275293553598 0
1691123875671 0.20081157345824927 0
1691123875672 0.19741222119089843 0
1691123875673 0.19443383583154586 0
1691123875674 0.19151970372849977 0
1691123875675 0.1887698253604936 0
1691123875676 0.18612150627307958 0
1691123875677 0.18379144893465224 0
1691123875677 0.18163670330698287 0
1691123875678 0.1795269350420316 0
1691123875679 0.17739082236106188 0
1691123875680 0.1753555630868483 0
1691123875682 0.17356111299736518 0
1691123875683 0.17180946270439296 0
1691123875683 0.17009023152888814 0
1691123875684 0.16851085123779364 0
1691123875685 0.16700448877526125 0
1691123875686 0.16566569647812104 0
1691123875687 0.1643733377086461 0
1691123875688 0.1632529354265624 0
1691123875689 0.16213188836781867 0
1691123875690 0.1610486759379689 0
1691123875691 0.1598358923016485 0
1691123875692 0.1588740612309767 0
1691123875693 0.15793444130421602 0
1691123875694 0.15701266420836252 0
1691123875695 0.1561545452951681 0
1691123875696 0.1553900596352929 0
1691123875697 0.1546076922367091 0
1691123875698 0.15390277062157665 0
1691123875699 0.15324740685889335 0
1691123875699 0.1526188403523141 0
1691123875700 0.1519730036790423 0
1691123875701 0.15138026544145528 0
1691123875702 0.15073196674756628 0
1691123875703 0.15013384260929707 0
1691123875704 0.1496268466106623 0
1691123875705 0.149174629233747 0
1691123875706 0.1487433605207554 0
1691123875707 0.148258374328613 0
1691123875708 0.1477662085677051 0
1691123875709 0.14741326634565002 0
1691123875710 0.14701349833084135 0
1691123875711 0.14645091236112812 0
1691123875712 0.1461011070778429 0
1691123875713 0.1457518003707971 0
1691123875714 0.145356158409532 0
1691123875715 0.14497650724708178 0
1691123875716 0.14462249435507132 0
1691123875717 0.14421715156847714 0
1691123875718 0.14392653916987547 0
1691123875719 0.14359706744383222 0
1691123875720 0.1433126429724767 0
1691123875721 0.14308905757333892 0
1691123875721 0.14271443342000936 0
1691123875722 0.14248732659634133 0
1691123875723 0.14225583694166533 0
1691123875724 0.14203800836739533 0
1691123875725 0.14179469885791643 0
1691123875726 0.14158003082068388 0
1691123875727 0.14133873267892064 0
1691123875728 0.14113965845696388 0
1691123875729 0.14098792931252185 0
1691123875730 0.14069117917310012 0
1691123875731 0.14052209536437033 0
1691123875732 0.14028000976964103 0
1691123875733 0.1399838545747516 0
