1691109432607 0.6708165842318832 0
1691109432608 0.5818708218413626 0
1691109432609 0.5077572499404412 0
1691109432609 0.44887291210313235 0
1691109432610 0.40081445258558324 0
1691109432611 0.3595914080589058 0
1691109432612 0.32749083972354703 0
1691109432612 0.29835545371196515 0
1691109432613 0.2750075705316121 0
1691109432614 0.25558705619163286 0
1691109432615 0.23926859303051468 0
1691109432615 0.22515760329703505 0
1691109432616 0.21252771214924487 0
1691109432617 0.2015787493358365 0
1691109432618 0.19293665209327576 0
1691109432619 0.18538966532951168 0
1691109432620 0.17854394651503233 0
1691109432621 0.17272902644909885 0
1691109432622 0.16724650186893972 0
1691109432623 0.16290560880373797 0
1691109432624 0.15895111093359515 0
1691109432624 0.1555239050174699 0
1691109432625 0.15211065482864955 0
1691109432626 0.1494182706593116 0
1691109432627 0.14686977563403486 0
1691109432627 0.14475789017680085 0
1691109432628 0.14275940736539458 0
1691109432629 0.1410468648766952 0
1691109432630 0.1395541237121888 0
1691109432630 0.13827578651529732 0
1691109432631 0.13716424340424208 0
1691109432632 0.13602674106125612 0
1691109432633 0.13485620222459008 0
1691109432634 0.1339775316652488 0
1691109432634 0.13313896094146102 0
1691109432635 0.13206379820811087 0
1691109432636 0.1314952924522661 0
1691109432637 0.13053713525226668 0
1691109432637 0.1298578013717003 0
1691109432638 0.12916704308335228 0
1691109432639 0.1284553435527916 0
1691109432640 0.12768986903139268 0
1691109432640 0.12723767798410432 0
1691109432642 0.12664526798809234 0
1691109432643 0.12568490937375068 0
1691109432643 0.12545526655693715 0
1691109432644 0.12480223421941945 0
1691109432645 0.12420686428766652 0
1691109432646 0.12340287845371414 0
1691109432646 0.12303721571203696 0
1691109432647 0.1228629328361776 0
1691109432648 0.12215845083872028 0
1691109432649 0.12165365635535054 0
1691109432649 0.12145179653082833 0
1691109432650 0.12129543939033993 0
1691109432651 0.12112397824538122 0
1691109432652 0.12089830363457776 0
1691109432652 0.12038730045118924 0
1691109432653 0.12008074532601261 0
1691109432654 0.11996917441144488 0
1691109432654 0.11976700930110547 0
1691109432655 0.11949010782063091 0
1691109432656 0.11905681631563488 0
1691109432657 0.11888755260880297 0
1691109432657 0.11874713731995881 0
1691109432658 0.11858247720917744 0
1691109432659 0.11848458077608283 0
1691109432660 0.11829282257620231 0
1691109432661 0.11796226277150852 0
1691109432661 0.11756686408301258 0
1691109432662 0.1171471076836115 0
1691109432663 0.11708038625929972 0
1691109432663 0.11680686906279245 0
1691109432664 0.11648810497021081 0
1691109432665 0.11634724424147617 0
1691109432666 0.11619487595798923 0
1691109432666 0.11586542014057329 0
1691109432667 0.11532241911922995 0
1691109432668 0.11490422349527157 0
1691109432669 0.11452341053917797 0
1691109432669 0.1142432948940202 0
1691109432670 0.11405052108060108 0
1691109432671 0.11331338697633796 0
1691109432672 0.11291349550333195 0
1691109432672 0.11260243943432419 0
1691109432673 0.11234175779166439 0
1691109432674 0.11211236096757607 0
1691109432675 0.1117123770543661 0
1691109432675 0.1113937500951879 0
1691109432676 0.11134123851576355 0
1691109432677 0.11112248139791311 0
1691109432678 0.11092306102883567 0
1691109432678 0.1108802335340911 0
1691109432679 0.11083831958139352 0
1691109432680 0.11059767983717401 0
1691109432681 0.11032632511263923 0
1691109432682 0.11006723555984002 0
1691109432683 0.10970364097934726 0
1691109432684 0.10926551351864765 0
1691109432684 0.10905485594027706 0
