1691112736629 0.7627605347431474 0
1691112736630 0.7517032999844786 0
1691112736631 0.7410511829500672 0
1691112736632 0.7306265760066805 0
1691112736633 0.7203886710286246 0
1691112736634 0.7104075011267882 0
1691112736634 0.7005948502001964 0
1691112736635 0.6910120507964168 0
1691112736636 0.6812903178560676 0
1691112736637 0.6719853708665998 0
1691112736638 0.6628643092134588 0
1691112736638 0.6536800099288614 0
1691112736639 0.6448806136693569 0
1691112736640 0.6361590438480144 0
1691112736641 0.6278933548125122 0
1691112736642 0.6195519661318357 0
1691112736642 0.6112457949636274 0
1691112736643 0.6030288967137195 0
1691112736645 0.5950437145567692 0
1691112736645 0.5873884330698125 0
1691112736646 0.5798373539602775 0
1691112736647 0.5724986693132246 0
1691112736648 0.5651918868555614 0
1691112736649 0.5578706461145695 0
1691112736649 0.5509060809071923 0
1691112736650 0.5440206840726575 0
1691112736651 0.5370443953170093 0
1691112736652 0.5303631075822104 0
1691112736653 0.5239996952631802 0
1691112736653 0.5176623675782374 0
1691112736654 0.5115241680925117 0
1691112736656 0.5053871785764941 0
1691112736657 0.49937648976733523 0
1691112736657 0.49361241316986243 0
1691112736658 0.48780446689474194 0
1691112736659 0.4821667064936608 0
1691112736660 0.4765569402181988 0
1691112736661 0.4708652125081765 0
1691112736662 0.4652962451596108 0
1691112736662 0.4598354376537438 0
1691112736663 0.45461996144297356 0
1691112736664 0.4495403729715945 0
1691112736665 0.44453026840104437 0
1691112736666 0.4397121067949552 0
1691112736666 0.43469766345702326 0
1691112736667 0.4300259522148638 0
1691112736668 0.4253727634840686 0
1691112736669 0.42091563359101053 0
1691112736670 0.4165900078721922 0
1691112736671 0.4120963145756543 0
1691112736671 0.4074615669994305 0
1691112736672 0.40324162402268854 0
1691112736673 0.3988885032104725 0
1691112736674 0.3945607269592609 0
1691112736675 0.3904299413962375 0
1691112736675 0.38635393989165007 0
1691112736676 0.3824061934822337 0
1691112736677 0.3784245789528041 0
1691112736678 0.37471393153340593 0
1691112736679 0.37103781513554607 0
1691112736679 0.3671772350861374 0
1691112736680 0.36340202680420874 0
1691112736681 0.35967480033281435 0
1691112736682 0.35613689298714735 0
1691112736683 0.35254006701781293 0
1691112736684 0.34899747219110516 0
1691112736684 0.3457760553815989 0
1691112736685 0.34241287590777403 0
1691112736686 0.3390890538305573 0
1691112736687 0.3360142862513267 0
1691112736688 0.3328554828817622 0
1691112736688 0.32980674647347225 0
1691112736689 0.3267446023250598 0
1691112736690 0.3237395797545844 0
1691112736691 0.3209980559613932 0
1691112736692 0.31817025635310187 0
1691112736692 0.3153630853297104 0
1691112736693 0.31262004492801687 0
1691112736694 0.30988209914922554 0
1691112736695 0.3071981959321013 0
1691112736696 0.3044187411243797 0
1691112736696 0.3018958918975373 0
1691112736697 0.29929888589904086 0
1691112736698 0.2968407329659643 0
1691112736699 0.29430764459593395 0
1691112736700 0.2919188785543616 0
1691112736701 0.2894457283925683 0
1691112736701 0.2871769568079341 0
1691112736702 0.28482280430156304 0
1691112736703 0.2826265566459301 0
1691112736704 0.2803889692348404 0
1691112736705 0.2782970480081427 0
1691112736706 0.27617818148147133 0
1691112736707 0.2740188285200194 0
1691112736708 0.2719631120478473 0
1691112736708 0.26988425149342715 0
1691112736709 0.2679754924747289 0
1691112736710 0.2660144044530777 0
1691112736711 0.2641692814239351 0
1691112736712 0.26224730752190595 0
