1691112787924 0.7204292303716872 0
1691112787925 0.6703546309368228 0
1691112787926 0.627238016590601 0
1691112787927 0.587400517514787 0
1691112787928 0.5517269053106363 0
1691112787929 0.5185620657028381 0
1691112787930 0.48852957115722095 0
1691112787930 0.46101861651534337 0
1691112787931 0.43563267735433214 0
1691112787932 0.41295212932358105 0
1691112787933 0.3904855744860946 0
1691112787934 0.37022845803521093 0
1691112787935 0.35202603146820816 0
1691112787935 0.33519069027616255 0
1691112787936 0.3191913089737497 0
1691112787937 0.30564360736194585 0
1691112787938 0.29247973130082117 0
1691112787939 0.28113761052026254 0
1691112787940 0.2706637158800326 0
1691112787940 0.2607045583071744 0
1691112787942 0.25220692982316356 0
1691112787943 0.2432067649336262 0
1691112787944 0.23598684737254894 0
1691112787945 0.22834718098767726 0
1691112787946 0.22200800699141865 0
1691112787947 0.21542031541897044 0
1691112787948 0.20943123128123067 0
1691112787948 0.2045095303257475 0
1691112787949 0.1995497463104862 0
1691112787950 0.19519714921527623 0
1691112787951 0.1908996289216164 0
1691112787952 0.1870421690533626 0
1691112787953 0.1837304861318012 0
1691112787953 0.1806882213029711 0
1691112787954 0.17730154243863688 0
1691112787955 0.1741605511210935 0
1691112787956 0.1714471831317899 0
1691112787957 0.16886968820046946 0
1691112787957 0.16615020416936493 0
1691112787958 0.16392292424430424 0
1691112787959 0.16189733797230346 0
1691112787960 0.15979503483608754 0
1691112787961 0.1576642529817063 0
1691112787962 0.15594785717504406 0
1691112787962 0.15420705775423346 0
1691112787963 0.15246242497387544 0
1691112787964 0.1510451581966746 0
1691112787965 0.14962555418527232 0
1691112787966 0.14850604013366664 0
1691112787967 0.14722897509671082 0
1691112787967 0.14603819237068713 0
1691112787968 0.14485540998316637 0
1691112787969 0.14382393062422286 0
1691112787970 0.14287981829042573 0
1691112787971 0.14187084166319713 0
1691112787972 0.1409782018456016 0
1691112787973 0.1401011268248576 0
1691112787973 0.1389903087279784 0
1691112787974 0.1379544276130438 0
1691112787975 0.13729361333164464 0
1691112787976 0.13661927747779157 0
1691112787977 0.13601726485935198 0
1691112787977 0.13547342106084362 0
1691112787978 0.13490947122792155 0
1691112787979 0.1342663084967047 0
1691112787980 0.1337527565308918 0
1691112787981 0.1330990712475351 0
1691112787982 0.13271513564937604 0
1691112787982 0.13232441316545554 0
1691112787983 0.1318724465111557 0
1691112787984 0.13132555327029097 0
1691112787985 0.13087977232299147 0
1691112787986 0.13050526676416754 0
1691112787987 0.12986271596612425 0
1691112787987 0.1295920130129048 0
1691112787988 0.12916079011533674 0
1691112787989 0.1288410380720595 0
1691112787990 0.12858139102578922 0
1691112787991 0.12829044764584197 0
1691112787992 0.12795743147551497 0
1691112787992 0.12769292647084704 0
1691112787993 0.1273300074957405 0
1691112787994 0.12706418526219057 0
1691112787995 0.12685166085509125 0
1691112787996 0.12652252715097795 0
1691112787997 0.12629646537228448 0
1691112787998 0.12597125004425785 0
1691112787999 0.12578494917777747 0
1691112788000 0.1253314366828367 0
1691112788001 0.12503020047608066 0
1691112788001 0.12481401065162365 0
1691112788002 0.12443734885205623 0
1691112788003 0.12419521863870854 0
1691112788004 0.12404737676944318 0
1691112788005 0.12369949425447668 0
1691112788006 0.12351830994175396 0
1691112788006 0.12341611645559213 0
1691112788007 0.12313079308226495 0
1691112788008 0.12294076293003178 0
1691112788009 0.12273644429873817 0
