1691109346874 0.761987340282508 0
1691109346875 0.7504591293242051 0
1691109346876 0.7392534669756339 0
1691109346876 0.7282677534294153 0
1691109346877 0.7173221293250188 0
1691109346878 0.7065895903892868 0
1691109346878 0.6961021658217255 0
1691109346879 0.6858410613693873 0
1691109346880 0.6760161638526649 0
1691109346881 0.6660550982999531 0
1691109346881 0.6562505681288494 0
1691109346882 0.64667796769984 0
1691109346883 0.6374114673160941 0
1691109346883 0.6283276742748111 0
1691109346884 0.6193267237019487 0
1691109346885 0.6104197003289888 0
1691109346885 0.6018714463483702 0
1691109346886 0.5933932082213244 0
1691109346887 0.5851335153887429 0
1691109346888 0.577063535027113 0
1691109346888 0.5691035389733863 0
1691109346889 0.5612187584026976 0
1691109346890 0.55353257311357 0
1691109346890 0.5458712022707779 0
1691109346891 0.5383508112192723 0
1691109346892 0.5310984738370482 0
1691109346892 0.5238360168340951 0
1691109346893 0.5168521040959048 0
1691109346894 0.5099090571311964 0
1691109346895 0.5031008381448356 0
1691109346895 0.4966622324577445 0
1691109346896 0.4901991935973198 0
1691109346897 0.4838286085462169 0
1691109346897 0.4776756960364996 0
1691109346898 0.47155255178992367 0
1691109346899 0.4654890640307895 0
1691109346899 0.4595386470751999 0
1691109346900 0.4536657578911665 0
1691109346901 0.4479449760974741 0
1691109346902 0.4422523394751832 0
1691109346902 0.43679162142045275 0
1691109346903 0.43135085331022033 0
1691109346904 0.4260354928896145 0
1691109346904 0.42084716530163296 0
1691109346905 0.4157425846171013 0
1691109346906 0.41070295854517586 0
1691109346906 0.4056584648677729 0
1691109346907 0.4007916231245726 0
1691109346908 0.3961276548543369 0
1691109346909 0.39147541643625927 0
1691109346909 0.38686687035246886 0
1691109346910 0.3823859457176765 0
1691109346911 0.37787220904991503 0
1691109346911 0.37365796389627093 0
1691109346912 0.36930785711049224 0
1691109346913 0.3651412207449152 0
1691109346913 0.3609690504213554 0
1691109346914 0.35710369256670865 0
1691109346915 0.3531678979093288 0
1691109346916 0.3492717450019096 0
1691109346916 0.3454853783421487 0
1691109346917 0.3416946079901629 0
1691109346918 0.33804051800877416 0
1691109346918 0.33434797909682784 0
1691109346919 0.33067088932732613 0
1691109346920 0.3271291456875125 0
1691109346920 0.3237212794668641 0
1691109346921 0.3203153109481006 0
1691109346922 0.3169933751372923 0
1691109346923 0.31372406287837545 0
1691109346923 0.3105594014609083 0
1691109346924 0.3073891669336704 0
1691109346925 0.3042781069275655 0
1691109346925 0.30128120989003226 0
1691109346926 0.298285009002403 0
1691109346927 0.2953227660769704 0
1691109346927 0.29242730652634885 0
1691109346928 0.2896638722371866 0
1691109346929 0.2868798268737296 0
1691109346929 0.28411857114450284 0
1691109346930 0.2814845831769619 0
1691109346931 0.2788179159441395 0
1691109346931 0.2762641797909559 0
1691109346932 0.2737156796403005 0
1691109346933 0.27118555153967117 0
1691109346934 0.2687616813413047 0
1691109346934 0.26629301925617743 0
1691109346935 0.26390836993784667 0
1691109346936 0.2615774766771999 0
1691109346936 0.25924255751519 0
1691109346937 0.25708313241190645 0
1691109346938 0.25492231347109134 0
1691109346938 0.25278423779804965 0
1691109346939 0.2506511816386277 0
1691109346940 0.24857487014152832 0
1691109346941 0.24648828453456081 0
1691109346941 0.24449022558204558 0
1691109346942 0.24251484298747936 0
1691109346943 0.2405887377895722 0
1691109346943 0.23859053290188167 0
