1691109386456 0.7198266321300472 0
1691109386458 0.6695834114435646 0
1691109386458 0.6254819636339776 0
1691109386459 0.58572372389234 0
1691109386460 0.5494881882775222 0
1691109386461 0.5164192026742827 0
1691109386461 0.4847359532180276 0
1691109386462 0.45798851327455004 0
1691109386463 0.4319811866375151 0
1691109386463 0.40774384694277727 0
1691109386464 0.38587004629154664 0
1691109386465 0.366240345271411 0
1691109386465 0.34792918808967566 0
1691109386466 0.3311447980752489 0
1691109386467 0.3162326982013662 0
1691109386467 0.3019278694096285 0
1691109386468 0.2891412713022677 0
1691109386469 0.2776730995649881 0
1691109386470 0.26678426368907826 0
1691109386470 0.2569960758499429 0
1691109386471 0.2480390977957782 0
1691109386472 0.23981526633499003 0
1691109386472 0.23265207766347923 0
1691109386473 0.22567539143481313 0
1691109386474 0.2189628327012906 0
1691109386474 0.2132384015602162 0
1691109386475 0.20764809068678036 0
1691109386476 0.2024799764753849 0
1691109386476 0.19809265612376226 0
1691109386477 0.1940098743161123 0
1691109386478 0.1900583530822587 0
1691109386478 0.18660518475409196 0
1691109386479 0.18334670332266662 0
1691109386480 0.17990636531961726 0
1691109386480 0.17676215342650461 0
1691109386481 0.17403677583029836 0
1691109386482 0.17156985882682857 0
1691109386482 0.1691710978545232 0
1691109386483 0.16695247794532178 0
1691109386484 0.16469638585424395 0
1691109386484 0.16257643023814797 0
1691109386485 0.1607939203083835 0
1691109386486 0.15899996841058867 0
1691109386486 0.15726141483509593 0
1691109386487 0.1555672266440684 0
1691109386488 0.15419749132631286 0
1691109386488 0.15275581214741152 0
1691109386489 0.15125420268916887 0
1691109386490 0.1498319475574938 0
1691109386490 0.1484545237761799 0
1691109386491 0.14715656687193815 0
1691109386492 0.14603198234718803 0
1691109386492 0.14486789515482187 0
1691109386493 0.14355188555710705 0
1691109386494 0.142599189810826 0
1691109386494 0.14165329798689255 0
1691109386495 0.14078764469164695 0
1691109386496 0.13991059172628342 0
1691109386496 0.13908545258175184 0
1691109386497 0.13840455772069038 0
1691109386498 0.13766958490589462 0
1691109386498 0.13702237857839378 0
1691109386499 0.13620493166244585 0
1691109386500 0.13562863746012854 0
1691109386500 0.13516518551619658 0
1691109386501 0.13459602840356802 0
1691109386502 0.13412882670266507 0
1691109386502 0.1336399254154265 0
1691109386503 0.13324929012866144 0
1691109386503 0.13277938579434712 0
1691109386504 0.1323017513790588 0
1691109386505 0.13183644262763236 0
1691109386505 0.1314029517565733 0
1691109386506 0.13106322912358265 0
1691109386507 0.1306937112874404 0
1691109386507 0.13035272745304824 0
1691109386508 0.1299701747213073 0
1691109386509 0.12969931964346684 0
1691109386509 0.12930723188235776 0
1691109386510 0.1290214778891409 0
1691109386510 0.1287050096492556 0
1691109386511 0.1282286946840528 0
1691109386512 0.12783379610859102 0
1691109386512 0.1275628038353896 0
1691109386513 0.12737342870649485 0
1691109386514 0.1270866002145209 0
1691109386514 0.12686373775118598 0
1691109386515 0.12651855433542447 0
1691109386516 0.12622726122862152 0
1691109386516 0.12601660840353623 0
1691109386517 0.12552413814969496 0
1691109386518 0.1253037653769155 0
1691109386518 0.12498172319943923 0
1691109386519 0.12480327280279122 0
1691109386520 0.12456641539403557 0
1691109386520 0.12417915561596551 0
1691109386521 0.12392493457001143 0
1691109386522 0.1236655296604683 0
1691109386522 0.12343015043509431 0
1691109386523 0.12330680718325701 0
