1691123842118 0.7625988631941721 0
1691123842119 0.7515011028403081 0
1691123842120 0.7409938884687066 0
1691123842122 0.7305447295167276 0
1691123842123 0.7201339997255017 0
1691123842124 0.7098978632423356 0
1691123842126 0.700387417623337 0
1691123842127 0.6907738527971974 0
1691123842128 0.6810972153814538 0
1691123842129 0.6715959757920431 0
1691123842131 0.66278230344271 0
1691123842132 0.6541523756524373 0
1691123842133 0.6454372251284528 0
1691123842135 0.6367760766531673 0
1691123842136 0.6281120295017671 0
1691123842137 0.619783474639787 0
1691123842139 0.611719081576456 0
1691123842140 0.603893181595585 0
1691123842141 0.5960120179560443 0
1691123842142 0.5880591774203188 0
1691123842144 0.5807359594474851 0
1691123842145 0.5733453244822077 0
1691123842146 0.5663364902035719 0
1691123842147 0.5593597377118072 0
1691123842148 0.5521614574246121 0
1691123842150 0.5451234615704109 0
1691123842151 0.5381165238030254 0
1691123842152 0.531605827812265 0
1691123842154 0.524893034500048 0
1691123842155 0.5184637792575536 0
1691123842156 0.5122155144564825 0
1691123842158 0.5061608268004254 0
1691123842159 0.5001211683020194 0
1691123842160 0.49400959872196015 0
1691123842162 0.4881697593656939 0
1691123842163 0.4824783586828504 0
1691123842165 0.47664277530421423 0
1691123842166 0.47126200309245164 0
1691123842167 0.46571163816950734 0
1691123842168 0.4604171744772825 0
1691123842170 0.45500908053232714 0
1691123842171 0.4499752771156297 0
1691123842172 0.445040143934942 0
1691123842174 0.43983515490344083 0
1691123842175 0.4351179718741884 0
1691123842177 0.4302979202772905 0
1691123842178 0.42573162562569195 0
1691123842179 0.4213426478919294 0
1691123842181 0.4169963963739613 0
1691123842182 0.41237226280512096 0
1691123842183 0.40781928911512083 0
1691123842185 0.4035464322124851 0
1691123842186 0.3992803779486665 0
1691123842187 0.3950326088462481 0
1691123842189 0.39087128724774256 0
1691123842190 0.38665575176496425 0
1691123842191 0.38277194962980815 0
1691123842193 0.3788276145840862 0
1691123842194 0.375168464569812 0
1691123842195 0.3712380225560775 0
1691123842197 0.36753172976841725 0
1691123842198 0.3639718211198903 0
1691123842200 0.360418473352347 0
1691123842201 0.3569853136640512 0
1691123842202 0.35346843100915804 0
1691123842204 0.3501045135358125 0
1691123842205 0.34661724701268576 0
1691123842207 0.3432605669063883 0
1691123842208 0.34002233648916863 0
1691123842209 0.3368117285923551 0
1691123842211 0.3336964369648281 0
1691123842212 0.33076265609951927 0
1691123842214 0.3275671645539917 0
1691123842215 0.32449976456325086 0
1691123842216 0.32141902441409564 0
1691123842218 0.31853117214356685 0
1691123842219 0.3156089385898537 0
1691123842220 0.3129160024845197 0
1691123842222 0.3101807029205042 0
1691123842223 0.307418752595319 0
1691123842224 0.30469734193839215 0
1691123842225 0.302002912481748 0
1691123842226 0.2994711113297336 0
1691123842227 0.29683457947491215 0
1691123842228 0.29432781778631295 0
1691123842229 0.29194230111598646 0
1691123842230 0.2896908310400718 0
1691123842230 0.2872751049804296 0
1691123842231 0.2850646559191316 0
1691123842232 0.28280554941624975 0
1691123842233 0.28052264781313474 0
1691123842234 0.278349732637563 0
1691123842235 0.2762049536961785 0
1691123842236 0.27413140654033735 0
1691123842237 0.27200785035890657 0
1691123842238 0.27007324365039476 0
1691123842239 0.26807699083539327 0
1691123842239 0.2660927122078954 0
1691123842240 0.26420437015566844 0
1691123842241 0.2623031786822589 0
