1691112743152 0.7618928137296954 0
1691112743153 0.7502345242492302 0
1691112743154 0.7388076730169456 0
1691112743154 0.7276027401752301 0
1691112743155 0.7166293696795467 0
1691112743156 0.7058577690850109 0
1691112743157 0.6953045007524271 0
1691112743158 0.6849518910669539 0
1691112743159 0.6748089469117592 0
1691112743160 0.6648606523170401 0
1691112743160 0.6551121170714783 0
1691112743162 0.6455921054778554 0
1691112743162 0.636229940822074 0
1691112743163 0.6270443005563622 0
1691112743164 0.6180680326729434 0
1691112743165 0.6092332826760106 0
1691112743166 0.6006008731244334 0
1691112743167 0.592101599424912 0
1691112743167 0.5837957863724689 0
1691112743168 0.575620952610073 0
1691112743169 0.5676300399846441 0
1691112743170 0.559766719624733 0
1691112743171 0.5520807252786807 0
1691112743171 0.5445091041968297 0
1691112743172 0.5371207124269542 0
1691112743173 0.5298347339891227 0
1691112743174 0.5226989451268353 0
1691112743175 0.5157165742512455 0
1691112743176 0.5088495972836737 0
1691112743176 0.50212529639939 0
1691112743177 0.4955215704229549 0
1691112743178 0.48905060254581445 0
1691112743179 0.4826905632025082 0
1691112743180 0.4764589049994177 0
1691112743180 0.4703423415451413 0
1691112743181 0.46434228711499725 0
1691112743182 0.458450229662526 0
1691112743183 0.4526703158335785 0
1691112743184 0.44697756149359186 0
1691112743184 0.4414131438664708 0
1691112743185 0.4359365691077939 0
1691112743186 0.43053096419505404 0
1691112743187 0.42526818630706276 0
1691112743188 0.42010771583919476 0
1691112743189 0.4149982780947704 0
1691112743190 0.4100069570288894 0
1691112743191 0.4051135035448619 0
1691112743192 0.4003154307309109 0
1691112743193 0.39560855664742056 0
1691112743194 0.39099456019508433 0
1691112743194 0.3864598312437019 0
1691112743195 0.38202595614262846 0
1691112743196 0.3776704624566958 0
1691112743197 0.37339276262808174 0
1691112743198 0.3691607901929607 0
1691112743198 0.36504067213959235 0
1691112743199 0.3609639506683669 0
1691112743200 0.3569964126331234 0
1691112743201 0.3529494569548042 0
1691112743202 0.3491170329364973 0
1691112743203 0.34523626534114915 0
1691112743203 0.34141285946307626 0
1691112743204 0.3376725411835613 0
1691112743205 0.3341084811342275 0
1691112743206 0.3304989873970987 0
1691112743207 0.32697611271628907 0
1691112743207 0.32347555604798317 0
1691112743208 0.3201709136998288 0
1691112743209 0.31680193840565224 0
1691112743210 0.3135057086362692 0
1691112743211 0.31028218902473614 0
1691112743212 0.30715598581645265 0
1691112743212 0.3040522912416777 0
1691112743213 0.3010850422324547 0
1691112743214 0.29809436463475814 0
1691112743215 0.2951457272848307 0
1691112743216 0.2923564558504731 0
1691112743217 0.2895245215812257 0
1691112743218 0.2867460856381302 0
1691112743219 0.2841104887690101 0
1691112743219 0.28142686519617743 0
1691112743220 0.278885802086872 0
1691112743221 0.276298630603618 0
1691112743222 0.2737466778058864 0
1691112743223 0.27129955754158425 0
1691112743224 0.26885230582190295 0
1691112743225 0.26644204398528554 0
1691112743226 0.26414945023870046 0
1691112743227 0.26183219788024786 0
1691112743228 0.2596044122894022 0
1691112743228 0.2573654028640198 0
1691112743229 0.2552364820682129 0
1691112743230 0.25308805160104936 0
1691112743231 0.2510393740639347 0
1691112743232 0.24895365450617585 0
1691112743233 0.24694481690319156 0
1691112743233 0.2449425639508401 0
1691112743234 0.24284804405331323 0
1691112743235 0.2409662069100846 0
1691112743236 0.239019147241662 0
