1691123933764 0.6792379876768654 0
1691123933765 0.6001377043182152 0
1691123933766 0.5362723202830991 0
1691123933767 0.47671157507905154 0
1691123933768 0.4288560213183724 0
1691123933769 0.3912070343894299 0
1691123933770 0.36029135847104204 0
1691123933771 0.32968723210310213 0
1691123933772 0.30418927548932856 0
1691123933772 0.2854532357495848 0
1691123933773 0.26861491074856697 0
1691123933774 0.2525182766638083 0
1691123933775 0.23953578348223584 0
1691123933776 0.228344847711061 0
1691123933777 0.21949440431621792 0
1691123933778 0.21014153458441426 0
1691123933779 0.2022947512107501 0
1691123933780 0.1957312811395785 0
1691123933781 0.18972843799028571 0
1691123933782 0.18482643973396648 0
1691123933783 0.18038302809290685 0
1691123933784 0.17599834494331842 0
1691123933785 0.17232885817818183 0
1691123933786 0.16907940552811787 0
1691123933787 0.1662014123528409 0
1691123933788 0.16364058885634328 0
1691123933789 0.1614825400909167 0
1691123933790 0.15946826105865164 0
1691123933791 0.15736680969656308 0
1691123933792 0.15584624919253368 0
1691123933793 0.15435294395613194 0
1691123933794 0.1530249290467798 0
1691123933795 0.1518666218383297 0
1691123933796 0.15062965989904445 0
1691123933796 0.14944303076317353 0
1691123933797 0.14853223447602842 0
1691123933798 0.14762000500300224 0
1691123933799 0.14695016161672644 0
1691123933800 0.1463151536772439 0
1691123933802 0.14581285057590815 0
1691123933803 0.1448904530105894 0
1691123933805 0.14434396708483832 0
1691123933806 0.14377534950170634 0
1691123933807 0.14328351810700088 0
1691123933808 0.14272138903975004 0
1691123933809 0.14216093981551378 0
1691123933810 0.14178556726679703 0
1691123933811 0.14130326785519817 0
1691123933812 0.14099667313070313 0
1691123933813 0.14056675927256984 0
1691123933814 0.1401810684668735 0
1691123933815 0.1398328355502453 0
1691123933816 0.13962260071730961 0
1691123933817 0.13927963199750662 0
1691123933818 0.13906459495961782 0
1691123933819 0.13888920010110417 0
1691123933820 0.13851021300802951 0
1691123933822 0.1381600754856563 0
1691123933823 0.13786031341337868 0
1691123933823 0.13764703408098042 0
1691123933824 0.13748045626443697 0
1691123933825 0.13733641556291779 0
1691123933826 0.13720456700718206 0
1691123933827 0.13676257263844044 0
1691123933828 0.1364783571621327 0
1691123933829 0.13600612597412406 0
1691123933830 0.13585761399439877 0
1691123933831 0.13569151712069571 0
1691123933832 0.13529935973883497 0
1691123933833 0.13520740237670356 0
1691123933834 0.13485810885135283 0
1691123933835 0.13464945427345038 0
1691123933836 0.13451686080189806 0
1691123933837 0.1344361077946019 0
1691123933838 0.13433771471948802 0
1691123933839 0.13390789899772998 0
1691123933840 0.13371547704631562 0
1691123933841 0.13365277131898057 0
1691123933842 0.13309562420855361 0
1691123933843 0.13292723116917163 0
1691123933844 0.13286179495170025 0
1691123933845 0.13276332644196004 0
1691123933846 0.1326302699488313 0
1691123933847 0.13244690995577682 0
1691123933848 0.13219730538898875 0
1691123933849 0.13199408833066142 0
1691123933850 0.13194738822356322 0
1691123933851 0.13189764312517574 0
1691123933852 0.13179576567827356 0
1691123933853 0.1312200368477766 0
1691123933853 0.13090917675211605 0
1691123933854 0.1306820595576606 0
1691123933855 0.13046758430283667 0
1691123933856 0.1301530809135815 0
1691123933857 0.12995419813196413 0
1691123933858 0.12988777407555188 0
1691123933859 0.12973584703308186 0
1691123933860 0.12953386601921588 0
1691123933861 0.12943307251487227 0
1691123933862 0.129018250026257 0
