1691109392627 0.715428974768245 0
1691109392628 0.6627930800856848 0
1691109392628 0.6152896149619345 0
1691109392629 0.5733113326030176 0
1691109392630 0.5341005337239548 0
1691109392631 0.49884517510115417 0
1691109392631 0.46659317486293206 0
1691109392632 0.4370699526024063 0
1691109392633 0.4101657222064219 0
1691109392634 0.3859611877525154 0
1691109392634 0.3639952845471581 0
1691109392635 0.34371891482219025 0
1691109392636 0.3255480629562411 0
1691109392637 0.30904654103652013 0
1691109392637 0.2939622719602442 0
1691109392639 0.2798134231300668 0
1691109392640 0.266971770805962 0
1691109392641 0.2554447106620226 0
1691109392643 0.2448921557226674 0
1691109392644 0.23531168645810654 0
1691109392645 0.22614122900178477 0
1691109392646 0.21821901130654206 0
1691109392648 0.21053414953073324 0
1691109392650 0.20372892400349435 0
1691109392651 0.19694292792087836 0
1691109392652 0.19134175536417497 0
1691109392652 0.18595764400435455 0
1691109392653 0.18117565708854802 0
1691109392654 0.17640182842229996 0
1691109392655 0.17182129383429026 0
1691109392655 0.16767718643773707 0
1691109392656 0.16419856204405472 0
1691109392657 0.1605171521530707 0
1691109392657 0.15744673624880293 0
1691109392658 0.15462584270162702 0
1691109392659 0.15212936372022706 0
1691109392660 0.14932442335272175 0
1691109392660 0.14691104875670238 0
1691109392661 0.1447587851824321 0
1691109392662 0.1429288413332617 0
1691109392663 0.14069882615091653 0
1691109392663 0.13894720330095747 0
1691109392664 0.13714679168191965 0
1691109392665 0.13547453239217708 0
1691109392666 0.13409083474688846 0
1691109392667 0.13258227280727913 0
1691109392668 0.13102376724865641 0
1691109392669 0.12956303611704087 0
1691109392669 0.12798318911209122 0
1691109392670 0.1268345221563278 0
1691109392671 0.12563800890951088 0
1691109392672 0.12462029006014509 0
1691109392672 0.12352329602498903 0
1691109392673 0.12239433198543667 0
1691109392674 0.1215474635654391 0
1691109392675 0.12055383247252674 0
1691109392675 0.11977363892173981 0
1691109392676 0.1190029748883583 0
1691109392677 0.1181965991527611 0
1691109392678 0.11755288535355606 0
1691109392678 0.1168822367635387 0
1691109392679 0.11627720731816708 0
1691109392680 0.11571674298300967 0
1691109392680 0.11517792318109356 0
1691109392681 0.11472804543297091 0
1691109392682 0.11395200048271323 0
1691109392683 0.11355086922545105 0
1691109392683 0.1129796211846295 0
1691109392684 0.11230053763227706 0
1691109392685 0.1117766877974007 0
1691109392686 0.11133932920340191 0
1691109392686 0.11085618693428997 0
1691109392687 0.11030847708029706 0
1691109392688 0.10994544874979034 0
1691109392689 0.1094560056163034 0
1691109392690 0.1091571211192593 0
1691109392690 0.1085173386555139 0
1691109392691 0.10816095304967532 0
1691109392692 0.1078449435187655 0
1691109392693 0.10745079850489223 0
1691109392693 0.10711576360883662 0
1691109392694 0.10685287655019586 0
1691109392695 0.10654446395757926 0
1691109392695 0.10622300650864766 0
1691109392696 0.10586970799325571 0
1691109392697 0.1055949651265035 0
1691109392698 0.10528610871353278 0
1691109392698 0.10505639958776983 0
1691109392699 0.10470587466117014 0
1691109392700 0.10425482857042476 0
1691109392701 0.10401950862362991 0
1691109392702 0.10368925452060476 0
1691109392703 0.10353010552078405 0
1691109392704 0.10328208923923116 0
1691109392704 0.10302809248210483 0
1691109392705 0.1028276148475706 0
1691109392706 0.10255676355406869 0
1691109392707 0.10229535504752067 0
1691109392707 0.1021642688441398 0
1691109392708 0.10193046812758182 0
