1691112823519 0.6793116356412495 0
1691112823520 0.6020186267181171 0
1691112823521 0.5390440669378076 0
1691112823522 0.47737649463128845 0
1691112823523 0.431091697580257 0
1691112823524 0.3945188163896855 0
1691112823525 0.3579520688925949 0
1691112823525 0.3313572824837537 0
1691112823526 0.30572617013384823 0
1691112823527 0.28514308919143266 0
1691112823528 0.2682170755227935 0
1691112823529 0.25340055962336294 0
1691112823530 0.24019903474831453 0
1691112823531 0.2273209140560829 0
1691112823532 0.2170062429006901 0
1691112823533 0.2085551642471319 0
1691112823534 0.2010272290728669 0
1691112823535 0.19548336468442756 0
1691112823536 0.18937308792855867 0
1691112823536 0.1844852599034112 0
1691112823537 0.17975537845929745 0
1691112823538 0.17597183475831327 0
1691112823539 0.17233184024022993 0
1691112823540 0.1688758822736327 0
1691112823541 0.16598202643220908 0
1691112823542 0.16333829787945794 0
1691112823542 0.16109416358067297 0
1691112823543 0.159186178990793 0
1691112823544 0.1575075415192569 0
1691112823545 0.15578065321616505 0
1691112823546 0.15437965165852224 0
1691112823547 0.15299386252756633 0
1691112823547 0.15165002930375762 0
1691112823548 0.15061037699914157 0
1691112823549 0.14967503435068907 0
1691112823550 0.1488180961376085 0
1691112823551 0.1478514861400394 0
1691112823552 0.14696534743478742 0
1691112823553 0.14640441761543854 0
1691112823553 0.1458652414083841 0
1691112823554 0.14513621634948057 0
1691112823555 0.14450156745867365 0
1691112823556 0.14380627238279314 0
1691112823557 0.14283513282505236 0
1691112823558 0.14226811586581792 0
1691112823558 0.14191637783810226 0
1691112823559 0.14151965386899765 0
1691112823560 0.1410089226596867 0
1691112823561 0.1406667126644803 0
1691112823562 0.140208025998167 0
1691112823563 0.13978365398009454 0
1691112823564 0.13951994312024874 0
1691112823564 0.13920182800904427 0
1691112823565 0.13893564994736396 0
1691112823566 0.13873784613347528 0
1691112823567 0.13818259989607434 0
1691112823568 0.13787070734677437 0
1691112823569 0.1374800291095899 0
1691112823570 0.1373182533794066 0
1691112823570 0.13708630276216177 0
1691112823571 0.13688003989312783 0
1691112823572 0.13668443305521583 0
1691112823573 0.1365079110772936 0
1691112823574 0.13635196848551395 0
1691112823575 0.13591227908784398 0
1691112823575 0.13574618009840872 0
1691112823576 0.13559400556570284 0
1691112823577 0.13538376177850867 0
1691112823578 0.13517023748088633 0
1691112823579 0.1348411468169299 0
1691112823580 0.13457560270547156 0
1691112823581 0.13393539068140228 0
1691112823582 0.13380021223027527 0
1691112823582 0.1336009783509168 0
1691112823583 0.1335254263669958 0
1691112823584 0.1332995909176918 0
1691112823585 0.13308540555820264 0
1691112823586 0.13297264564564568 0
1691112823587 0.13262700656108337 0
1691112823587 0.1325279922343797 0
1691112823588 0.13233639538688588 0
1691112823589 0.1318966423494158 0
1691112823590 0.13090522070199256 0
1691112823591 0.1306860597399343 0
1691112823592 0.12988739845506395 0
1691112823593 0.12953640186563317 0
1691112823594 0.1291727161738148 0
1691112823595 0.12852051328336145 0
1691112823596 0.128405203125312 0
1691112823596 0.1282748750735763 0
1691112823597 0.12778561923553725 0
1691112823598 0.12753336969064435 0
1691112823599 0.12741302423272918 0
1691112823600 0.12719782606185107 0
1691112823601 0.12705831855674626 0
1691112823601 0.12688783148226146 0
1691112823602 0.12667662815836586 0
1691112823603 0.12664326196071138 0
1691112823604 0.12655012885261524 0
1691112823605 0.1264581862242013 0
