1691123894386 0.7196417679232037 0
1691123894387 0.6714551072316545 0
1691123894388 0.6255576492384863 0
1691123894389 0.5855522713006615 0
1691123894390 0.5484620869584532 0
1691123894392 0.5143714525705279 0
1691123894393 0.4829990696151675 0
1691123894394 0.4557397782402903 0
1691123894395 0.43071065814353615 0
1691123894396 0.40841074110700254 0
1691123894397 0.3873191419559792 0
1691123894397 0.3676933894272584 0
1691123894398 0.34920124200771613 0
1691123894399 0.3336412379643506 0
1691123894401 0.317843247005381 0
1691123894402 0.30366562221152144 0
1691123894403 0.29081912040484614 0
1691123894404 0.2796010795586597 0
1691123894405 0.2687043373762697 0
1691123894406 0.25838044856382925 0
1691123894407 0.2496355104059662 0
1691123894408 0.24133456939180725 0
1691123894408 0.23401322720685214 0
1691123894409 0.2275443351025297 0
1691123894410 0.2210642972267969 0
1691123894411 0.21451159039688236 0
1691123894412 0.2085196089617583 0
1691123894414 0.20320617156341353 0
1691123894415 0.19888567288225076 0
1691123894416 0.19456997338481125 0
1691123894418 0.1902029757685582 0
1691123894419 0.18668694015149118 0
1691123894419 0.1833465237098545 0
1691123894420 0.18000171682607075 0
1691123894421 0.1767656782389851 0
1691123894422 0.17401522704008116 0
1691123894423 0.17129921006497756 0
1691123894424 0.16841850267561811 0
1691123894425 0.1661064694665374 0
1691123894426 0.1640313914911292 0
1691123894427 0.16191701975542586 0
1691123894428 0.15990483554469537 0
1691123894429 0.1578311725826455 0
1691123894430 0.15606954971377923 0
1691123894431 0.15445790857390615 0
1691123894432 0.15307954683652783 0
1691123894433 0.15154354553145363 0
1691123894434 0.15014625253919048 0
1691123894435 0.14885198859823015 0
1691123894436 0.14751472287663445 0
1691123894437 0.14648038201134725 0
1691123894438 0.14534722647776738 0
1691123894439 0.14423866883335548 0
1691123894440 0.14331457870699574 0
1691123894441 0.14238324607979272 0
1691123894442 0.14162197268982768 0
1691123894443 0.14071844560076371 0
1691123894444 0.13987994314762212 0
1691123894445 0.13917485193376722 0
1691123894446 0.13848599287251798 0
1691123894447 0.13784545954378863 0
1691123894448 0.13712330997970992 0
1691123894448 0.13655516153819183 0
1691123894449 0.13594289067622858 0
1691123894450 0.13549648829280253 0
1691123894451 0.13502492854752265 0
1691123894452 0.13455667348536596 0
1691123894453 0.13402170138707775 0
1691123894454 0.1335733464777571 0
1691123894455 0.13311778046869024 0
1691123894456 0.13268603350459138 0
1691123894457 0.13235396695707777 0
1691123894458 0.13203515073944413 0
1691123894459 0.1316942661749048 0
1691123894460 0.13137985508188535 0
1691123894461 0.13095053341436755 0
1691123894462 0.13063061595295913 0
1691123894464 0.13039402649378892 0
1691123894465 0.13014869040795224 0
1691123894466 0.1297120953554634 0
1691123894467 0.1294430613567349 0
1691123894468 0.1290665174979939 0
1691123894469 0.1287053413029513 0
1691123894470 0.1283811474754193 0
1691123894471 0.12819181597251544 0
1691123894472 0.1275495334778623 0
1691123894473 0.12724841997203196 0
1691123894475 0.12708969188363203 0
1691123894476 0.1265893366397517 0
1691123894476 0.1264792231795552 0
1691123894477 0.12622973426382594 0
1691123894478 0.12593739980742877 0
1691123894479 0.12569253310653122 0
1691123894480 0.12516648812752165 0
1691123894481 0.12493908343836108 0
1691123894482 0.12475390127432734 0
1691123894483 0.12457481886495167 0
1691123894484 0.1244898807232658 0
1691123894485 0.1242633865273223 0
1691123894486 0.12384681065783587 0
