1691112775686 0.7263395032293674 0
1691112775687 0.67850567946606 0
1691112775689 0.6389700644759666 0
1691112775690 0.5986819066324257 0
1691112775691 0.5652028789431615 0
1691112775692 0.5348349891796333 0
1691112775693 0.5054135104572836 0
1691112775694 0.480139177044844 0
1691112775695 0.45632725959560416 0
1691112775696 0.435486838668789 0
1691112775697 0.4148800522313012 0
1691112775698 0.39718992989675456 0
1691112775700 0.38033141352023564 0
1691112775701 0.3654869825902645 0
1691112775702 0.3491537048550589 0
1691112775703 0.3339135696773547 0
1691112775704 0.32024323905454727 0
1691112775705 0.30920472980069624 0
1691112775707 0.29802143655357066 0
1691112775708 0.2875859271187466 0
1691112775709 0.2794621955694746 0
1691112775710 0.27048363223811744 0
1691112775712 0.263133262713973 0
1691112775713 0.2557383491204616 0
1691112775714 0.24930363360638372 0
1691112775715 0.24250088177209636 0
1691112775716 0.23705197011075632 0
1691112775717 0.23169178301960902 0
1691112775718 0.22626997177288713 0
1691112775719 0.22125269609531908 0
1691112775720 0.21643675799211282 0
1691112775721 0.2126191070851341 0
1691112775721 0.20835668649275957 0
1691112775722 0.2045078404167601 0
1691112775723 0.2007829961233614 0
1691112775724 0.19762809843759793 0
1691112775725 0.1944288595967029 0
1691112775725 0.1917166359022141 0
1691112775726 0.1889755827642471 0
1691112775727 0.1866176783742243 0
1691112775728 0.18405049060559864 0
1691112775729 0.18185545255728366 0
1691112775730 0.17958529418570612 0
1691112775730 0.17748956361661122 0
1691112775731 0.17544927347814557 0
1691112775733 0.173893537582359 0
1691112775734 0.17211074451641517 0
1691112775735 0.1704890949785583 0
1691112775736 0.16895611433760044 0
1691112775738 0.16758868166566293 0
1691112775739 0.16611811971762844 0
1691112775740 0.16477125496577957 0
1691112775742 0.16359661324419672 0
1691112775743 0.16252443958367901 0
1691112775744 0.16137549656258993 0
1691112775745 0.16033429562606433 0
1691112775747 0.15943211422098508 0
1691112775748 0.1584615509816353 0
1691112775749 0.1576347471713368 0
1691112775750 0.15681115114562494 0
1691112775751 0.15597201556145016 0
1691112775752 0.1551894725977481 0
1691112775752 0.15453691613190915 0
1691112775753 0.1537766191558003 0
1691112775754 0.15316368099380992 0
1691112775755 0.15237732372425122 0
1691112775756 0.15185470685040559 0
1691112775757 0.15114145907388146 0
1691112775757 0.15063758377869316 0
1691112775758 0.15018284199085424 0
1691112775759 0.14964906076980045 0
1691112775760 0.1491651251084656 0
1691112775761 0.14866208594227784 0
1691112775762 0.14823428897152982 0
1691112775763 0.14770056272342477 0
1691112775764 0.147284170018067 0
1691112775764 0.1468261785588834 0
1691112775765 0.14637499305607604 0
1691112775766 0.14606959065614006 0
1691112775767 0.14568063815782464 0
1691112775768 0.1453795441437833 0
1691112775769 0.14509782943255187 0
1691112775769 0.14481757857979913 0
1691112775770 0.144546298560088 0
1691112775771 0.14429050802432888 0
1691112775772 0.14402265035572812 0
1691112775773 0.1437775539926414 0
1691112775773 0.1434667105714433 0
1691112775774 0.1432392111674499 0
1691112775775 0.14289007357314198 0
1691112775776 0.14267615027368086 0
1691112775777 0.1423908192491451 0
1691112775778 0.1421778325985089 0
1691112775778 0.14199254890681537 0
1691112775779 0.14178042123639326 0
1691112775780 0.1416146230955039 0
1691112775781 0.1414417075168833 0
1691112775782 0.1412805088025473 0
1691112775783 0.14106923072386884 0
1691112775784 0.14083038348392274 0
