1691109328256 0.7627210692381488 0
1691109328256 0.751873475375607 0
1691109328257 0.7412402261294793 0
1691109328258 0.7308149058534084 0
1691109328259 0.7205950907780284 0
1691109328259 0.7105754319531837 0
1691109328260 0.7007524587795889 0
1691109328261 0.6911221800266669 0
1691109328261 0.681686303700616 0
1691109328262 0.6724232769807398 0
1691109328263 0.6633459188631045 0
1691109328264 0.6544339638178532 0
1691109328264 0.6457024569230623 0
1691109328265 0.6371267379821035 0
1691109328266 0.6287252424003332 0
1691109328266 0.6204895790203399 0
1691109328267 0.6123904064496694 0
1691109328268 0.6044644033601972 0
1691109328268 0.596670822084868 0
1691109328269 0.5890430371374574 0
1691109328270 0.5815431332367509 0
1691109328270 0.5742028435877001 0
1691109328271 0.5669842440325533 0
1691109328272 0.5599203789166126 0
1691109328272 0.5528441372863054 0
1691109328273 0.5459200697146559 0
1691109328274 0.5392333229609553 0
1691109328275 0.5325692071878734 0
1691109328275 0.5260341153617377 0
1691109328276 0.5195982003538805 0
1691109328277 0.5134240483191704 0
1691109328277 0.5072272650546252 0
1691109328278 0.5011731939878927 0
1691109328279 0.49521036905012983 0
1691109328279 0.4893406032291927 0
1691109328280 0.4834799787148135 0
1691109328281 0.4778666341175842 0
1691109328281 0.47229575529152285 0
1691109328282 0.46689254607863057 0
1691109328283 0.4614648005494998 0
1691109328284 0.4562956447358513 0
1691109328284 0.45116328653795174 0
1691109328285 0.44602563323789945 0
1691109328286 0.44103822848544505 0
1691109328287 0.43617689748775024 0
1691109328287 0.43125052994120583 0
1691109328288 0.4263972636833193 0
1691109328289 0.4217686600372546 0
1691109328290 0.41705133727082006 0
1691109328290 0.4124822365375269 0
1691109328291 0.4079923187573037 0
1691109328292 0.40369178414829177 0
1691109328293 0.3993628819334933 0
1691109328293 0.39510633629541003 0
1691109328294 0.3909334746072951 0
1691109328295 0.3867760033912361 0
1691109328295 0.3828486484796255 0
1691109328296 0.3789026123139607 0
1691109328297 0.3749739482820569 0
1691109328297 0.37116890225399785 0
1691109328298 0.36749026753860803 0
1691109328299 0.36382343638454917 0
1691109328299 0.36020520886870333 0
1691109328300 0.35654943687081025 0
1691109328301 0.3530789019556443 0
1691109328301 0.34955551389405054 0
1691109328302 0.34621114825429183 0
1691109328303 0.3428365476750233 0
1691109328303 0.3394955882469973 0
1691109328304 0.3363302275623631 0
1691109328305 0.33313362011854464 0
1691109328306 0.3299860900559138 0
1691109328306 0.32698900490657246 0
1691109328307 0.32395475944108415 0
1691109328308 0.32097409049354825 0
1691109328308 0.31804804186917374 0
1691109328309 0.3152580179979017 0
1691109328310 0.31243330055569074 0
1691109328310 0.3096421592089553 0
1691109328311 0.3069991733507719 0
1691109328312 0.304330855332799 0
1691109328312 0.3016971399343109 0
1691109328313 0.2991937022846094 0
1691109328314 0.29665271968103907 0
1691109328314 0.2941400774275609 0
1691109328315 0.2917689688632128 0
1691109328316 0.289357054820248 0
1691109328316 0.287068433333791 0
1691109328317 0.2847376318114762 0
1691109328318 0.28243486836329845 0
1691109328318 0.28026460192306024 0
1691109328319 0.2780531029792014 0
1691109328320 0.27585752625191456 0
1691109328321 0.2738071365335552 0
1691109328321 0.27178012415226666 0
1691109328322 0.26967771455347217 0
1691109328323 0.2677292674151155 0
1691109328324 0.2657320650315339 0
1691109328324 0.26371448911351264 0
1691109328325 0.26185652664450343 0
