1691112763132 0.7615116816815168 0
1691112763133 0.7494646850448541 0
1691112763134 0.7375928097088036 0
1691112763135 0.7259045887822047 0
1691112763136 0.7145597086015222 0
1691112763137 0.7034127046725722 0
1691112763138 0.6925880744593981 0
1691112763139 0.6818097315471138 0
1691112763139 0.671220900513882 0
1691112763140 0.6608565398972581 0
1691112763141 0.6506589304304449 0
1691112763142 0.640699400120983 0
1691112763143 0.6309039339129925 0
1691112763144 0.6212271293658707 0
1691112763145 0.6118046152184764 0
1691112763145 0.6026084064117972 0
1691112763146 0.5935745378574414 0
1691112763147 0.5845971905950237 0
1691112763148 0.5759356054521718 0
1691112763149 0.5674564293290263 0
1691112763150 0.5591246581979494 0
1691112763150 0.5509623070020957 0
1691112763151 0.5429324323239683 0
1691112763152 0.5349847158387065 0
1691112763153 0.5273271876883369 0
1691112763154 0.5198468900536058 0
1691112763154 0.5123844283185043 0
1691112763155 0.5051136007370847 0
1691112763156 0.49797019011104193 0
1691112763157 0.49097617426134194 0
1691112763158 0.4840691095266511 0
1691112763159 0.4773328825628792 0
1691112763160 0.47077241369729256 0
1691112763160 0.4641908062583321 0
1691112763161 0.4577971285122967 0
1691112763162 0.451591009280119 0
1691112763163 0.44534357142790776 0
1691112763164 0.4393019967458349 0
1691112763165 0.4334502434483369 0
1691112763165 0.427644626299093 0
1691112763166 0.4219718284047696 0
1691112763167 0.41643487630951015 0
1691112763168 0.4108595753337674 0
1691112763169 0.40547172664753667 0
1691112763169 0.40024378314903586 0
1691112763170 0.3950475801767791 0
1691112763171 0.38997806852971895 0
1691112763172 0.3849978761573382 0
1691112763173 0.3800346121740666 0
1691112763173 0.37523437826614886 0
1691112763174 0.37052864325861884 0
1691112763175 0.36590871517305257 0
1691112763176 0.3613062014250935 0
1691112763177 0.3568926827605906 0
1691112763178 0.35254401115023964 0
1691112763178 0.3481670083759438 0
1691112763179 0.3439344061095766 0
1691112763180 0.33980635196672027 0
1691112763181 0.33568224559370485 0
1691112763182 0.3317147977869527 0
1691112763182 0.3278114420298351 0
1691112763183 0.3239506909899147 0
1691112763184 0.3201380442998844 0
1691112763186 0.3164427904386059 0
1691112763187 0.3128017234861596 0
1691112763188 0.30923933020731875 0
1691112763189 0.3056861019145063 0
1691112763190 0.3022100328897135 0
1691112763191 0.2988451784598292 0
1691112763192 0.2955548042932687 0
1691112763193 0.2922934071018633 0
1691112763194 0.2890840450041604 0
1691112763196 0.285951770204677 0
1691112763197 0.28282905289630395 0
1691112763198 0.2797124531302288 0
1691112763199 0.2767454392404267 0
1691112763200 0.2738151348231619 0
1691112763201 0.2708998136754922 0
1691112763202 0.2680670893976102 0
1691112763204 0.26535798120731663 0
1691112763205 0.2625859700319553 0
1691112763206 0.2598575210526608 0
1691112763207 0.25724872384969105 0
1691112763208 0.25461871070058756 0
1691112763209 0.2520933719177121 0
1691112763210 0.24958489099421552 0
1691112763211 0.24718442135094143 0
1691112763212 0.24475832966643116 0
1691112763213 0.24239227546429287 0
1691112763214 0.24007061508939645 0
1691112763216 0.23780493847046807 0
1691112763217 0.23556924375845692 0
1691112763218 0.23341219223612789 0
1691112763219 0.23125656184121618 0
1691112763220 0.22906637537623836 0
1691112763221 0.2269932682791563 0
1691112763223 0.22492564257482106 0
1691112763224 0.2229283108630973 0
1691112763225 0.22097646314030778 0
1691112763226 0.21899050238421972 0
