1691109411845 0.7141995804276154 0
1691109411846 0.6602452417414475 0
1691109411847 0.6106608177946747 0
1691109411848 0.565715863334414 0
1691109411849 0.5252961928262252 0
1691109411849 0.4877574917095331 0
1691109411850 0.4541280098644543 0
1691109411851 0.4240903873954329 0
1691109411852 0.3961859866330391 0
1691109411852 0.37135824969743425 0
1691109411853 0.3488716001153756 0
1691109411855 0.32844661875831993 0
1691109411855 0.3093523170313095 0
1691109411856 0.29219345491530835 0
1691109411857 0.2763384733045411 0
1691109411858 0.26190322976259384 0
1691109411859 0.2487566398600785 0
1691109411860 0.23671882701561206 0
1691109411860 0.2259279492608321 0
1691109411861 0.2159746495869346 0
1691109411862 0.2069151044344356 0
1691109411862 0.19872117059438213 0
1691109411863 0.19114572191106446 0
1691109411864 0.18396784051624238 0
1691109411865 0.17721862548251102 0
1691109411866 0.1713752685907331 0
1691109411866 0.1657551019696645 0
1691109411867 0.1607527074532831 0
1691109411868 0.15609205010354726 0
1691109411869 0.15162687123833946 0
1691109411869 0.14776180373665576 0
1691109411870 0.14384411509669048 0
1691109411871 0.14045197122223876 0
1691109411871 0.13731771509740803 0
1691109411872 0.13430731755836142 0
1691109411873 0.13152201986937476 0
1691109411874 0.12907524559851624 0
1691109411874 0.12672031320036625 0
1691109411875 0.12460100289585746 0
1691109411876 0.12252576098113153 0
1691109411877 0.12052301195204446 0
1691109411877 0.11884243570385435 0
1691109411878 0.11719193958619045 0
1691109411879 0.1157546480697129 0
1691109411880 0.11436856398088557 0
1691109411881 0.11312430211059442 0
1691109411881 0.11183209011223844 0
1691109411882 0.11060763595769907 0
1691109411883 0.1094729421401705 0
1691109411884 0.10835333436055115 0
1691109411884 0.10737571360130746 0
1691109411885 0.10645932707700406 0
1691109411886 0.10555392951011841 0
1691109411887 0.1045982630720644 0
1691109411887 0.10378166393871091 0
1691109411888 0.10306207800985381 0
1691109411889 0.10222706747378532 0
1691109411890 0.1015098151507089 0
1691109411890 0.10073306582052638 0
1691109411891 0.10008089027996454 0
1691109411892 0.0993229668469323 0
1691109411893 0.0985896523169972 0
1691109411893 0.09791250334075235 0
1691109411894 0.09729468736934031 0
1691109411895 0.09674931778517859 0
1691109411895 0.09604921281542919 0
1691109411896 0.09544113184941844 0
1691109411897 0.09491998854358105 0
1691109411898 0.09445614750484459 0
1691109411899 0.0940347584365007 0
1691109411899 0.09354050642062495 0
1691109411900 0.09297620853149074 0
1691109411901 0.0925258100192205 0
1691109411902 0.09202978317013626 0
1691109411902 0.09168877392297377 0
1691109411903 0.0913510493896828 0
1691109411904 0.09078474978883186 0
1691109411905 0.09026287090171609 0
1691109411905 0.08973557175518464 0
1691109411906 0.08944921784181176 0
1691109411907 0.08898013472620361 0
1691109411907 0.08858283964058851 0
1691109411908 0.08821104992210003 0
1691109411909 0.08779601719414333 0
1691109411910 0.08723166105960017 0
1691109411910 0.08699990907288355 0
1691109411911 0.08664724768026769 0
1691109411912 0.08631468609525987 0
1691109411913 0.08576983701762944 0
1691109411913 0.08529175868109796 0
1691109411914 0.08506181325971274 0
1691109411915 0.08465495544921028 0
1691109411916 0.08434609322199675 0
1691109411916 0.08408451299475851 0
1691109411917 0.08373438695681365 0
1691109411918 0.08332733699430767 0
1691109411919 0.08303869484308102 0
1691109411920 0.08279244532266679 0
1691109411921 0.08248387728150744 0
1691109411921 0.08232512239538223 0
