1691109362690 0.7616406227907396 0
1691109362691 0.7496145591165018 0
1691109362692 0.7378527063772865 0
1691109362693 0.7263379203222537 0
1691109362693 0.7149837139331016 0
1691109362694 0.7039457983859333 0
1691109362695 0.69328179352043 0
1691109362695 0.6826722731345776 0
1691109362696 0.6722507517870041 0
1691109362697 0.6619369210488691 0
1691109362698 0.6519794152098162 0
1691109362698 0.6421305652266772 0
1691109362699 0.632377551815584 0
1691109362700 0.6229376444496821 0
1691109362701 0.6136632913580548 0
1691109362701 0.6044549153897191 0
1691109362702 0.5954862219439145 0
1691109362703 0.5866598720342623 0
1691109362703 0.5779843410465016 0
1691109362704 0.5693576302592924 0
1691109362705 0.5610102284510585 0
1691109362706 0.5528447602446701 0
1691109362706 0.5448437106899006 0
1691109362707 0.5370616510463284 0
1691109362708 0.5293135562610274 0
1691109362709 0.5217424027502028 0
1691109362710 0.5143684518338641 0
1691109362711 0.5069523186909454 0
1691109362712 0.4999322589679136 0
1691109362713 0.49292223352332953 0
1691109362714 0.48600229361091823 0
1691109362715 0.4791960139166993 0
1691109362716 0.47257597291434483 0
1691109362717 0.46615757123220986 0
1691109362717 0.4598102982951099 0
1691109362718 0.45350818926347825 0
1691109362719 0.4472897603355758 0
1691109362720 0.44127128164952556 0
1691109362720 0.43536383495132436 0
1691109362721 0.42956769564656966 0
1691109362722 0.42389387094252257 0
1691109362722 0.41825121961522804 0
1691109362723 0.4127447762606953 0
1691109362724 0.4073143683287503 0
1691109362725 0.4019859429421081 0
1691109362725 0.3967685693155994 0
1691109362726 0.39170174719823964 0
1691109362727 0.38668689587473504 0
1691109362727 0.3818021167561101 0
1691109362728 0.3769688678704571 0
1691109362729 0.37225046101696213 0
1691109362730 0.367608816161158 0
1691109362730 0.36294836685115645 0
1691109362731 0.35846983505129854 0
1691109362732 0.354059574857299 0
1691109362733 0.349791973133719 0
1691109362733 0.34554247098367025 0
1691109362734 0.34145644620643956 0
1691109362735 0.3373497851166682 0
1691109362735 0.3332707182393383 0
1691109362736 0.3293340576430114 0
1691109362737 0.32540387251733804 0
1691109362737 0.32160681065071917 0
1691109362738 0.3178124293648702 0
1691109362739 0.31409780357019157 0
1691109362740 0.3103850467856827 0
1691109362740 0.3068923252174251 0
1691109362741 0.30346666897583763 0
1691109362742 0.30011771730117215 0
1691109362743 0.2966811609652531 0
1691109362744 0.29345822961793894 0
1691109362744 0.2902565055477983 0
1691109362746 0.28708603455280796 0
1691109362746 0.28400610851748304 0
1691109362747 0.28089138215279946 0
1691109362748 0.2779145266717824 0
1691109362749 0.2750565814419134 0
1691109362750 0.27209279166403005 0
1691109362751 0.26927710112042724 0
1691109362752 0.26639674685482295 0
1691109362753 0.26357574267549794 0
1691109362753 0.2608572774394809 0
1691109362754 0.2582488911421492 0
1691109362755 0.25560978194310696 0
1691109362755 0.25308512416282125 0
1691109362756 0.2506497446109632 0
1691109362757 0.24819884263193426 0
1691109362758 0.2457406878338513 0
1691109362758 0.24334330001312768 0
1691109362759 0.24103264826088364 0
1691109362760 0.23869951232680847 0
1691109362760 0.2364683448223948 0
1691109362761 0.2342607349023833 0
1691109362762 0.2320623627718026 0
1691109362763 0.22988566400368027 0
1691109362763 0.2278052074753348 0
1691109362764 0.22573435868001807 0
1691109362765 0.22374514647524438 0
1691109362767 0.22171300743257819 0
1691109362768 0.21975600764271883 0
