1691123969645 0.6566296095678023 0
1691123969647 0.5602317985454923 0
1691123969648 0.4819133395158298 0
1691123969650 0.417407352999281 0
1691123969651 0.3647985975009222 0
1691123969653 0.3215649974939801 0
1691123969656 0.28573344874356477 0
1691123969658 0.2564791530098617 0
1691123969659 0.23200196593594838 0
1691123969661 0.21119135294091834 0
1691123969662 0.19360822046686932 0
1691123969664 0.17931796961406993 0
1691123969665 0.16751649209801514 0
1691123969666 0.15770669667352288 0
1691123969668 0.14949596812715205 0
1691123969669 0.14180095614065352 0
1691123969670 0.1355314051760118 0
1691123969671 0.13009766481497306 0
1691123969672 0.12577485135837227 0
1691123969673 0.12140331846107165 0
1691123969675 0.11781952050628659 0
1691123969676 0.11458713020862427 0
1691123969677 0.11162937593514753 0
1691123969678 0.10928009492339623 0
1691123969679 0.10703355258780325 0
1691123969680 0.10533577936189423 0
1691123969681 0.10363237497813889 0
1691123969682 0.10156924701756308 0
1691123969683 0.09984163912838771 0
1691123969684 0.0983047842730938 0
1691123969685 0.0970469436594801 0
1691123969686 0.09566407492703498 0
1691123969687 0.09435031017834379 0
1691123969688 0.09311714156264216 0
1691123969689 0.09225489096306427 0
1691123969690 0.09146657069677361 0
1691123969691 0.09033659006467698 0
1691123969692 0.08930987788175383 0
1691123969693 0.08858154760860207 0
1691123969694 0.08786937001187317 0
1691123969695 0.08718363573238476 0
1691123969696 0.08670601711592173 0
1691123969697 0.08591087037210297 0
1691123969698 0.08513723627374202 0
1691123969699 0.08429182933711639 0
1691123969700 0.08339653288514817 0
1691123969701 0.08288624094309072 0
1691123969702 0.08238073675291914 0
1691123969703 0.0814848577495725 0
1691123969704 0.0808046257719725 0
1691123969705 0.08043867239384574 0
1691123969706 0.07967270882205152 0
1691123969707 0.07906479944811019 0
1691123969708 0.07842545123206349 0
1691123969709 0.07813704850705895 0
1691123969710 0.07805217097572338 0
1691123969711 0.07783896707092831 0
1691123969712 0.07737879135760682 0
1691123969713 0.0771632605861443 0
1691123969714 0.07669719405576904 0
1691123969715 0.07648712566178806 0
1691123969716 0.07643577258674439 0
1691123969717 0.0763998150964774 0
1691123969718 0.07634612150931132 0
1691123969719 0.07580394591497303 0
1691123969720 0.07521403498415817 0
1691123969721 0.07485653417038368 0
1691123969722 0.07445790328194342 0
1691123969723 0.07398505845150515 0
1691123969725 0.07384252708563303 0
1691123969726 0.073271933638187 0
1691123969728 0.07281626460695555 0
1691123969729 0.0723947404967684 0
1691123969731 0.07236494881887144 0
1691123969732 0.07144037159954301 0
1691123969733 0.07098130378897649 0
1691123969734 0.07091174210483242 0
1691123969735 0.07063281080828294 0
1691123969736 0.07011722178175754 0
1691123969737 0.06964509177738096 0
1691123969738 0.06926398439537572 0
1691123969740 0.06896198225864196 0
1691123969741 0.06893895200505287 0
1691123969742 0.06862188001045236 0
1691123969743 0.06846997043167376 0
1691123969743 0.0680198358189425 0
1691123969745 0.06768650505626529 0
1691123969746 0.06733822159922835 0
1691123969748 0.06694029110230446 0
1691123969749 0.06690120991381265 0
1691123969750 0.06650798547913457 0
1691123969751 0.06638838622592877 0
1691123969752 0.06621958374713323 0
1691123969753 0.06600226297441132 0
1691123969754 0.06559834980416186 0
1691123969755 0.06540832869543958 0
1691123969756 0.06509347317799878 0
1691123969757 0.0649767925015838 0
1691123969758 0.06472218350234046 0
1691123969759 0.06434075989201347 0
