1691109356334 0.7614052773869753 0
1691109356335 0.7493647583192521 0
1691109356335 0.7375036615983476 0
1691109356336 0.725830348830922 0
1691109356337 0.7144449450036146 0
1691109356338 0.7031936571017491 0
1691109356338 0.6922623774370898 0
1691109356339 0.6815362953490082 0
1691109356340 0.671043061137333 0
1691109356340 0.6606725462840224 0
1691109356341 0.650483575928527 0
1691109356342 0.6405368643713053 0
1691109356342 0.6307910211239327 0
1691109356343 0.6211855560624039 0
1691109356344 0.6118877690566532 0
1691109356345 0.6026376878060233 0
1691109356345 0.5935663097244852 0
1691109356346 0.5846765721246437 0
1691109356347 0.57598602104586 0
1691109356347 0.5675042711371047 0
1691109356348 0.5591806684146801 0
1691109356349 0.5509662114270544 0
1691109356349 0.5428921405198754 0
1691109356350 0.5350230975306907 0
1691109356351 0.5273061307988828 0
1691109356352 0.519690496543564 0
1691109356352 0.5122316982009436 0
1691109356353 0.5048847178262883 0
1691109356354 0.49777270974887106 0
1691109356354 0.490762162757296 0
1691109356355 0.4838335054403988 0
1691109356356 0.4770430137892812 0
1691109356357 0.47040085202495285 0
1691109356357 0.46376898089389657 0
1691109356358 0.4573544203422433 0
1691109356359 0.45108706864446024 0
1691109356359 0.4448412669009854 0
1691109356360 0.4388620299667777 0
1691109356361 0.4328988460579126 0
1691109356361 0.42706813381404113 0
1691109356362 0.42127692853309734 0
1691109356363 0.41569933185383257 0
1691109356364 0.41015880158010176 0
1691109356364 0.40473107454127305 0
1691109356365 0.39946835779179835 0
1691109356366 0.3942098860294635 0
1691109356367 0.38910409108250504 0
1691109356367 0.3840939178232678 0
1691109356368 0.3792220966439418 0
1691109356369 0.37442081856299736 0
1691109356370 0.3697170056797843 0
1691109356370 0.3651025808517455 0
1691109356371 0.3605817138683881 0
1691109356372 0.3561123083452903 0
1691109356372 0.3517540183157967 0
1691109356373 0.34747466824683204 0
1691109356374 0.343268664008111 0
1691109356374 0.3391803823867455 0
1691109356375 0.335108668697613 0
1691109356376 0.33114222339008376 0
1691109356377 0.3272444329689158 0
1691109356377 0.3233349590609716 0
1691109356378 0.3195891338629417 0
1691109356379 0.3158956738673687 0
1691109356380 0.3122561877285185 0
1691109356380 0.30868182392787574 0
1691109356381 0.3051925368207465 0
1691109356382 0.30179043205874034 0
1691109356383 0.2983992335531148 0
1691109356383 0.29510822973165995 0
1691109356384 0.2918284598283786 0
1691109356385 0.2886211685415771 0
1691109356385 0.28541551614495275 0
1691109356386 0.2822799518994836 0
1691109356387 0.27921715298752786 0
1691109356387 0.27628988360732243 0
1691109356388 0.27335730936604025 0
1691109356389 0.27050878875672657 0
1691109356390 0.2676420325012165 0
1691109356390 0.2648502830147628 0
1691109356391 0.2621352126787189 0
1691109356392 0.2595347130267338 0
1691109356393 0.25694036622219074 0
1691109356394 0.2544023598995618 0
1691109356395 0.2518914919628621 0
1691109356396 0.24943258683764122 0
1691109356397 0.2470451675901732 0
1691109356398 0.2447007436037324 0
1691109356399 0.2423634912254995 0
1691109356400 0.24008289721471116 0
1691109356400 0.23783912949378852 0
1691109356401 0.23564142275166133 0
1691109356402 0.23345987497077422 0
1691109356403 0.2312583125345039 0
1691109356404 0.22918805713574125 0
1691109356405 0.22714547516263772 0
1691109356406 0.22511305495056605 0
1691109356407 0.22310191293697823 0
1691109356408 0.22108875067186123 0
1691109356409 0.21904752517007278 0
