1691112880106 0.6567245201124263 0
1691112880108 0.5620389755520258 0
1691112880109 0.48268653183620386 0
1691112880111 0.41785423270497346 0
1691112880112 0.36607720034457686 0
1691112880113 0.32264989984188874 0
1691112880115 0.28654512954830225 0
1691112880116 0.2563118404049973 0
1691112880117 0.23157776966132676 0
1691112880118 0.21105349809680513 0
1691112880118 0.19347667270795435 0
1691112880119 0.1791420587926518 0
1691112880120 0.1670400525643622 0
1691112880121 0.15630884566436523 0
1691112880122 0.14779938044161267 0
1691112880123 0.14062158527251614 0
1691112880124 0.13448680558771378 0
1691112880125 0.12910094909458977 0
1691112880126 0.12404474852345192 0
1691112880126 0.11994814209120135 0
1691112880127 0.11674311441655251 0
1691112880128 0.11388333589917757 0
1691112880129 0.11102685632797941 0
1691112880130 0.10879460903634802 0
1691112880131 0.10654335976975882 0
1691112880132 0.1044228135738666 0
1691112880133 0.10248447586944572 0
1691112880134 0.10074059728526306 0
1691112880134 0.0990605182737501 0
1691112880135 0.09789278284065192 0
1691112880136 0.09692445335840376 0
1691112880137 0.09576179560663099 0
1691112880138 0.09484914089092701 0
1691112880139 0.09385378344674825 0
1691112880140 0.09297108636827714 0
1691112880141 0.09190904852028697 0
1691112880141 0.09085416847154197 0
1691112880142 0.08995247381064422 0
1691112880143 0.08924346098948258 0
1691112880145 0.08843081930666397 0
1691112880146 0.08748525938479318 0
1691112880147 0.0868369096887895 0
1691112880148 0.08616956753002401 0
1691112880149 0.08558309103734019 0
1691112880150 0.08493356444284206 0
1691112880151 0.08427152480583107 0
1691112880152 0.08341863505983826 0
1691112880152 0.08262287828287265 0
1691112880153 0.08226819257285638 0
1691112880154 0.08196468230558551 0
1691112880155 0.08158633258094551 0
1691112880156 0.0811210395195674 0
1691112880157 0.08077569792898161 0
1691112880158 0.08068063567521652 0
1691112880159 0.08061888990591617 0
1691112880160 0.07993556109627892 0
1691112880160 0.0793175731709462 0
1691112880161 0.07901079151140993 0
1691112880162 0.07851833446242203 0
1691112880163 0.07824956012987407 0
1691112880164 0.07809679225803498 0
1691112880165 0.07780123609703896 0
1691112880166 0.0776063835190248 0
1691112880167 0.07694080517877509 0
1691112880167 0.07655956597217486 0
1691112880168 0.07627599436390463 0
1691112880169 0.076208447444779 0
1691112880170 0.07608170289677516 0
1691112880171 0.07533683449897463 0
1691112880172 0.0753118292472815 0
1691112880173 0.07507314666597706 0
1691112880174 0.07464098274764856 0
1691112880175 0.07455752627136837 0
1691112880175 0.07407015423208159 0
1691112880176 0.07353075027005933 0
1691112880177 0.07345523014789257 0
1691112880178 0.07305408651968905 0
1691112880179 0.07272197482269092 0
1691112880180 0.07234457381530988 0
1691112880181 0.07232732770650237 0
1691112880182 0.07189195970512278 0
1691112880183 0.07162799723548671 0
1691112880184 0.07131546261795631 0
1691112880185 0.07106720438960593 0
1691112880186 0.07104959407825756 0
1691112880187 0.07078743344865379 0
1691112880187 0.07033814320629984 0
1691112880188 0.06999724713419361 0
1691112880189 0.06968719107856058 0
1691112880190 0.06917843643986682 0
1691112880191 0.06902790929854614 0
1691112880192 0.0687001454466382 0
1691112880193 0.06834232283253389 0
1691112880194 0.06814611831613808 0
1691112880195 0.06786805370186513 0
1691112880196 0.06773028122721143 0
1691112880196 0.06760028686107712 0
1691112880197 0.06721525703853236 0
1691112880198 0.06681400835995709 0
1691112880199 0.06680189110188033 0
