1691123825558 0.7631201997212169 0
1691123825559 0.7535922535823032 0
1691123825560 0.7440229107379247 0
1691123825561 0.7338960055459435 0
1691123825563 0.7247280474089378 0
1691123825564 0.7157174358122547 0
1691123825565 0.7068462805473296 0
1691123825566 0.6981555633185222 0
1691123825567 0.6896298619334111 0
1691123825567 0.6813687229490937 0
1691123825568 0.6731726544998783 0
1691123825569 0.6653022167766539 0
1691123825570 0.6574093748900518 0
1691123825571 0.6496675576860725 0
1691123825572 0.6421019949558974 0
1691123825573 0.6346609264745292 0
1691123825574 0.6273622045972674 0
1691123825575 0.6202087272853635 0
1691123825575 0.612350586687292 0
1691123825576 0.6054627907672318 0
1691123825577 0.597810699181346 0
1691123825578 0.591189861324431 0
1691123825579 0.5846826523160965 0
1691123825580 0.5783034099345697 0
1691123825581 0.5720722375834378 0
1691123825582 0.5659248088792437 0
1691123825583 0.5598983565140877 0
1691123825584 0.5540414251115205 0
1691123825584 0.5482435880026928 0
1691123825585 0.5424994635790966 0
1691123825586 0.5369085339277817 0
1691123825587 0.5314197869527818 0
1691123825588 0.5260351920641735 0
1691123825589 0.5207838760217369 0
1691123825590 0.514719475199176 0
1691123825591 0.5096237171550565 0
1691123825592 0.503777648917497 0
1691123825593 0.49886523362236834 0
1691123825593 0.4931529779613275 0
1691123825595 0.4880190428277265 0
1691123825596 0.48333217854499005 0
1691123825598 0.4785364367380886 0
1691123825599 0.47388228413465433 0
1691123825601 0.4692250757740409 0
1691123825602 0.4640412078766425 0
1691123825604 0.45971672409566827 0
1691123825605 0.4553867413899544 0
1691123825606 0.45050043947493584 0
1691123825607 0.44640765990211073 0
1691123825608 0.4417954259683977 0
1691123825609 0.4375281573561051 0
1691123825610 0.43345446508488067 0
1691123825610 0.42948839591931076 0
1691123825611 0.42502511355452144 0
1691123825612 0.42117439129393575 0
1691123825613 0.41750210724852815 0
1691123825614 0.41323049333134804 0
1691123825615 0.409592605468677 0
1691123825616 0.40546127194394305 0
1691123825617 0.40141066054244867 0
1691123825618 0.3974391027427377 0
1691123825619 0.39400756004533544 0
1691123825619 0.39041766493918706 0
1691123825620 0.387094637246722 0
1691123825621 0.38349008356630077 0
1691123825622 0.3802850721257347 0
1691123825623 0.37680221376705764 0
1691123825624 0.3736944615466479 0
1691123825625 0.37032781896466854 0
1691123825626 0.36700719768977696 0
1691123825627 0.3639493106939624 0
1691123825627 0.3607519199950197 0
1691123825628 0.3580307233805049 0
1691123825629 0.35494071391813287 0
1691123825630 0.35216495201319903 0
1691123825631 0.34910331822127116 0
1691123825632 0.34623537564997525 0
1691123825633 0.3437120188572795 0
1691123825634 0.3406980455463507 0
1691123825635 0.3382195054781688 0
1691123825636 0.33555777423271316 0
1691123825637 0.33274459031964654 0
1691123825638 0.33022047662171866 0
1691123825640 0.32759697176038083 0
1691123825641 0.3253147508520717 0
1691123825641 0.3227784999799682 0
1691123825642 0.3205076850906267 0
1691123825643 0.31810621765032493 0
1691123825644 0.31590975591226617 0
1691123825645 0.3136928294426026 0
1691123825646 0.31122821445269216 0
1691123825647 0.30896105137882773 0
1691123825648 0.3067040048971608 0
1691123825649 0.3047373139323403 0
1691123825649 0.30263327620063596 0
1691123825650 0.3003264824118771 0
1691123825651 0.2981052330187899 0
1691123825652 0.2962461232568571 0
1691123825653 0.29405119371221944 0
1691123825654 0.2922482637173945 0
