1691123897573 0.7193298949990952 0
1691123897574 0.6700457092739205 0
1691123897575 0.625507147872646 0
1691123897576 0.5868443325884969 0
1691123897576 0.5500929439469278 0
1691123897577 0.5170519518136347 0
1691123897578 0.48797251693067367 0
1691123897579 0.4589348775584017 0
1691123897580 0.43237592487201665 0
1691123897581 0.4090591399965213 0
1691123897582 0.3880780550022856 0
1691123897583 0.36875028306012 0
1691123897584 0.350876403730468 0
1691123897585 0.33497955915612604 0
1691123897586 0.31933875140118856 0
1691123897587 0.30543319960586235 0
1691123897588 0.2925558691868652 0
1691123897589 0.28097423609584776 0
1691123897590 0.27002493768417435 0
1691123897591 0.26041144076404354 0
1691123897592 0.2515126493410873 0
1691123897593 0.2435209823997482 0
1691123897594 0.23510249766271896 0
1691123897595 0.22817792646509388 0
1691123897596 0.2217662262497723 0
1691123897596 0.21545961574839842 0
1691123897597 0.21002653014314793 0
1691123897598 0.20426604628883813 0
1691123897599 0.19943831250562574 0
1691123897600 0.1948405924690444 0
1691123897601 0.19056809564210336 0
1691123897602 0.18666310916602918 0
1691123897603 0.1830244976329251 0
1691123897604 0.17969522967111312 0
1691123897605 0.17689241664968627 0
1691123897606 0.17400555483865843 0
1691123897607 0.1709114002220059 0
1691123897608 0.16815341014868468 0
1691123897609 0.16578456899349284 0
1691123897610 0.1636604449434662 0
1691123897611 0.1616963198285154 0
1691123897612 0.15999684580387988 0
1691123897613 0.15826998693843916 0
1691123897614 0.15676335819858706 0
1691123897615 0.15508892780577088 0
1691123897616 0.15351715599594493 0
1691123897617 0.15221242495568899 0
1691123897618 0.15100455753513214 0
1691123897619 0.14974079286685751 0
1691123897620 0.1486785011156842 0
1691123897621 0.14744301353579348 0
1691123897622 0.14637972834323631 0
1691123897623 0.1453826792656862 0
1691123897624 0.14447035524804225 0
1691123897625 0.143518159886476 0
1691123897626 0.14261857659073818 0
1691123897627 0.14179290651249293 0
1691123897628 0.14109359141127373 0
1691123897629 0.14029543021385066 0
1691123897630 0.13952640907667102 0
1691123897631 0.1387799577479014 0
1691123897632 0.13816926010872568 0
1691123897632 0.13746335734171122 0
1691123897633 0.13701127824491344 0
1691123897634 0.13644445805460698 0
1691123897635 0.13588872194615226 0
1691123897636 0.13545239090695513 0
1691123897637 0.13473664357534376 0
1691123897638 0.1341773968598593 0
1691123897639 0.13362956190147737 0
1691123897640 0.13308763034240453 0
1691123897641 0.13265021836060706 0
1691123897642 0.13200533375541876 0
1691123897643 0.13154553633790644 0
1691123897644 0.1312435196548067 0
1691123897645 0.13061181100628166 0
1691123897646 0.13024371180542815 0
1691123897647 0.1299534690020117 0
1691123897648 0.12967639249861648 0
1691123897649 0.12937419339928197 0
1691123897650 0.12912532303405755 0
1691123897651 0.1289024793203609 0
1691123897652 0.12865144505047582 0
1691123897653 0.12843438099290774 0
1691123897654 0.12808227672698339 0
1691123897655 0.12771563561559093 0
1691123897656 0.1274711551168491 0
1691123897657 0.1271388539396919 0
1691123897658 0.1267434426025854 0
1691123897659 0.12647665492602897 0
1691123897660 0.12624497570301985 0
1691123897660 0.12602050985791513 0
1691123897661 0.12581833344676172 0
1691123897662 0.12555096423077777 0
1691123897663 0.1253566793334036 0
1691123897664 0.12525076652470718 0
1691123897665 0.12503188995870318 0
1691123897666 0.12490029129671722 0
1691123897667 0.12475258752793657 0
1691123897668 0.12459959738703551 0
