1691109322264 0.7640942982353991 0
1691109322265 0.7545698280870156 0
1691109322266 0.7451569421959382 0
1691109322266 0.736053125266892 0
1691109322267 0.7260412463129432 0
1691109322268 0.716976845015501 0
1691109322269 0.7080928253038775 0
1691109322269 0.6996102853148348 0
1691109322270 0.6910674320940544 0
1691109322271 0.682694581652368 0
1691109322272 0.6744250373668546 0
1691109322272 0.6663637253172151 0
1691109322273 0.6581329809634732 0
1691109322274 0.6503060343825684 0
1691109322274 0.6426928342654836 0
1691109322275 0.6352737974125425 0
1691109322276 0.6280261869106784 0
1691109322276 0.6208410560577705 0
1691109322277 0.6136195454623595 0
1691109322278 0.6068052393414952 0
1691109322278 0.6002103150162309 0
1691109322279 0.59346066315907 0
1691109322280 0.586994583699158 0
1691109322280 0.5798621939036578 0
1691109322281 0.5734315293263905 0
1691109322282 0.5664388564515616 0
1691109322282 0.5603607554372934 0
1691109322283 0.5543962597466379 0
1691109322284 0.5487050982008204 0
1691109322285 0.5429402637914128 0
1691109322285 0.5374071009336132 0
1691109322286 0.5313216972351077 0
1691109322287 0.5258960023810554 0
1691109322287 0.5197526986550753 0
1691109322288 0.5144316945926936 0
1691109322289 0.5084267041316236 0
1691109322289 0.5031421436031407 0
1691109322290 0.4974041005854393 0
1691109322291 0.4917282528094888 0
1691109322292 0.4863234757633836 0
1691109322292 0.48147921480624434 0
1691109322293 0.47695717105707924 0
1691109322294 0.4716297876453576 0
1691109322294 0.4667697015775098 0
1691109322295 0.46238889118370863 0
1691109322296 0.45807379138811344 0
1691109322296 0.4531890815850588 0
1691109322297 0.449046621993492 0
1691109322298 0.4442362668991744 0
1691109322299 0.44008366513805447 0
1691109322300 0.4354915581130228 0
1691109322300 0.43164796401352395 0
1691109322301 0.42783323849114113 0
1691109322302 0.4234571630208838 0
1691109322302 0.4198443711749493 0
1691109322303 0.4155512698366581 0
1691109322304 0.41134345683907436 0
1691109322304 0.4072915684463692 0
1691109322305 0.4033917272367775 0
1691109322306 0.39993146341560415 0
1691109322307 0.3960064397685505 0
1691109322307 0.39274772331211333 0
1691109322308 0.3889531299437975 0
1691109322309 0.38567928948047986 0
1691109322309 0.3824457552262737 0
1691109322310 0.3789269214980398 0
1691109322311 0.37549729134437226 0
1691109322312 0.37227600206166045 0
1691109322312 0.36879221695312814 0
1691109322313 0.365886912430601 0
1691109322314 0.36255602088219985 0
1691109322314 0.3597596773873493 0
1691109322315 0.35653805902563707 0
1691109322316 0.3536130835621398 0
1691109322316 0.3504875164143333 0
1691109322317 0.3473942302257936 0
1691109322318 0.34472658027587194 0
1691109322318 0.3420625839324703 0
1691109322319 0.3395173767976846 0
1691109322320 0.3366450365896006 0
1691109322320 0.3338279744283423 0
1691109322321 0.33148874642478227 0
1691109322322 0.32875698704375717 0
1691109322323 0.3260465743545295 0
1691109322323 0.3237661144809399 0
1691109322324 0.3212621729315016 0
1691109322325 0.3189459093860808 0
1691109322325 0.3167552888829518 0
1691109322326 0.31461666430671775 0
1691109322327 0.31220338450207136 0
1691109322328 0.309770950134718 0
1691109322329 0.3073991916803861 0
1691109322330 0.3053595916510023 0
1691109322331 0.3033322440005047 0
1691109322331 0.3010418735703377 0
1691109322332 0.2988495823664054 0
1691109322333 0.2967709157930568 0
1691109322334 0.2949189476987828 0
1691109322334 0.293092902008538 0
1691109322335 0.29100002480305354 0
