1691112753102 0.7622927683775276 0
1691112753104 0.7509494547010017 0
1691112753105 0.7396658485025773 0
1691112753107 0.7286752279607014 0
1691112753108 0.7178204131449851 0
1691112753109 0.7070723511038933 0
1691112753111 0.6967168297528823 0
1691112753112 0.6863994971043411 0
1691112753113 0.6764114298156177 0
1691112753115 0.6665135514753606 0
1691112753116 0.6569561137561379 0
1691112753118 0.6476737751275683 0
1691112753119 0.6385069328686339 0
1691112753120 0.6293797505603428 0
1691112753121 0.6204518951010535 0
1691112753122 0.6116089948740354 0
1691112753123 0.6029268300021822 0
1691112753124 0.5944664953179063 0
1691112753125 0.586150279840359 0
1691112753125 0.5779985750990508 0
1691112753126 0.5699887589506479 0
1691112753127 0.56207871877827 0
1691112753128 0.5543154140246807 0
1691112753129 0.546747404282024 0
1691112753130 0.5393765685073832 0
1691112753130 0.5320002851918242 0
1691112753131 0.5250079621226124 0
1691112753132 0.5181249394761801 0
1691112753133 0.5111442555667108 0
1691112753134 0.50437164692362 0
1691112753135 0.4976619507309457 0
1691112753135 0.4911338252459461 0
1691112753136 0.48481571896445935 0
1691112753137 0.4785987131407988 0
1691112753138 0.472337567533683 0
1691112753139 0.4662974728918363 0
1691112753139 0.46044944845161967 0
1691112753140 0.4546434282577262 0
1691112753141 0.44884413305961796 0
1691112753142 0.4433336844933458 0
1691112753144 0.4378006986847452 0
1691112753144 0.432264279629417 0
1691112753146 0.4269770254740103 0
1691112753146 0.42191179006493973 0
1691112753147 0.4168655838043453 0
1691112753148 0.4117634476170478 0
1691112753149 0.40685910916930496 0
1691112753150 0.40201993484741094 0
1691112753151 0.39730535366097136 0
1691112753151 0.3926164288837334 0
1691112753152 0.38795680376323705 0
1691112753153 0.3833795679041564 0
1691112753154 0.3790224302384672 0
1691112753155 0.3747375337171466 0
1691112753156 0.370479721942019 0
1691112753156 0.36642036536622613 0
1691112753157 0.3623461823411841 0
1691112753158 0.35831901398303573 0
1691112753159 0.3544935751863957 0
1691112753160 0.350664684477821 0
1691112753160 0.34691016242273004 0
1691112753161 0.3432147109934122 0
1691112753162 0.33953989112190874 0
1691112753163 0.33592998141332336 0
1691112753164 0.3322332909009023 0
1691112753164 0.32871717803683764 0
1691112753165 0.32531161751919685 0
1691112753166 0.32189177358555116 0
1691112753167 0.318658242692856 0
1691112753168 0.315366748562086 0
1691112753169 0.31218055364428116 0
1691112753169 0.3091479756247472 0
1691112753170 0.3061364589860975 0
1691112753171 0.3031443193531364 0
1691112753172 0.3002624696136372 0
1691112753173 0.29736986280866023 0
1691112753174 0.2944603487010376 0
1691112753176 0.2916724890491337 0
1691112753177 0.2889470527236546 0
1691112753179 0.28618565752998226 0
1691112753180 0.2834885912398652 0
1691112753181 0.2808097668347839 0
1691112753182 0.2782404763249227 0
1691112753183 0.2756338386519113 0
1691112753183 0.27314839406676306 0
1691112753184 0.27070173889407273 0
1691112753185 0.26829327558109395 0
1691112753186 0.26587918115166426 0
1691112753187 0.26363673126754733 0
1691112753188 0.2613092183946445 0
1691112753189 0.25904532198293306 0
1691112753190 0.2567335455321445 0
1691112753191 0.25443475107727603 0
1691112753193 0.25225513983193326 0
1691112753194 0.2500749416427707 0
1691112753195 0.24804510963158186 0
1691112753196 0.24600472897243866 0
1691112753197 0.2439850204908737 0
1691112753198 0.2419432619244621 0
1691112753198 0.23993141114513705 0
