1691109458153 0.6568824757632553 0
1691109458154 0.5614164876427237 0
1691109458154 0.482591563908297 0
1691109458155 0.41823261182603005 0
1691109458156 0.36521150276501413 0
1691109458157 0.3215118993104632 0
1691109458158 0.28611676223638327 0
1691109458158 0.2564381655747271 0
1691109458159 0.23170117665945777 0
1691109458160 0.21102865924681533 0
1691109458161 0.19439476228943564 0
1691109458161 0.17982340222325677 0
1691109458162 0.1671891249469594 0
1691109458163 0.15693381094656944 0
1691109458164 0.14864578509626666 0
1691109458165 0.1415114070562261 0
1691109458165 0.13500872019412113 0
1691109458166 0.1291943667459232 0
1691109458167 0.12476930044519367 0
1691109458168 0.1210918354394039 0
1691109458168 0.11759831719951587 0
1691109458169 0.11438818610710347 0
1691109458170 0.11142946233040342 0
1691109458171 0.10891227415521414 0
1691109458172 0.1066969938203796 0
1691109458173 0.10455086721345759 0
1691109458174 0.10291990820151291 0
1691109458174 0.10138750563137876 0
1691109458175 0.10017994842877201 0
1691109458176 0.09891403942463706 0
1691109458177 0.097817589168625 0
1691109458177 0.09654601002207074 0
1691109458178 0.09549213713370307 0
1691109458179 0.0941073938222071 0
1691109458180 0.09317581456723499 0
1691109458181 0.09246881525032803 0
1691109458181 0.09168835918440758 0
1691109458182 0.09061891482253116 0
1691109458183 0.0896554011377738 0
1691109458184 0.08886059555247465 0
1691109458184 0.08776740732829008 0
1691109458185 0.08705931103292598 0
1691109458186 0.08633638699267256 0
1691109458187 0.08555579619275058 0
1691109458187 0.08500529325991915 0
1691109458188 0.08445851717217488 0
1691109458189 0.08394517479172006 0
1691109458190 0.08316764335553681 0
1691109458190 0.08236803143259246 0
1691109458191 0.08204636687799008 0
1691109458192 0.08154279754165733 0
1691109458193 0.08124675285669578 0
1691109458193 0.08117751343515961 0
1691109458194 0.0804074508641239 0
1691109458195 0.0803413088429081 0
1691109458196 0.08027637217142808 0
1691109458196 0.07972066942679845 0
1691109458197 0.07924981052297105 0
1691109458198 0.07919740612143635 0
1691109458199 0.07859824531446367 0
1691109458200 0.07796150592156555 0
1691109458200 0.07766178240189606 0
1691109458201 0.07719419309683483 0
1691109458202 0.077157904932868 0
1691109458203 0.07696354929819542 0
1691109458203 0.07689464393516696 0
1691109458204 0.07679914025699194 0
1691109458205 0.07638528528351753 0
1691109458206 0.07635582705027938 0
1691109458206 0.07607879022708494 0
1691109458207 0.07600068147975535 0
1691109458208 0.07583105196800556 0
1691109458209 0.07536681183812868 0
1691109458209 0.07477941407282983 0
1691109458210 0.07450954863841656 0
1691109458211 0.07389584127613767 0
1691109458212 0.07331681701165897 0
1691109458212 0.07276726310437663 0
1691109458213 0.07252635003301035 0
1691109458214 0.07247788183795789 0
1691109458215 0.0719619205024562 0
1691109458216 0.07183326164216623 0
1691109458216 0.07166414552731867 0
1691109458217 0.07147753491797637 0
1691109458218 0.07103892124299774 0
1691109458219 0.07096403401579794 0
1691109458220 0.07050013228604173 0
1691109458220 0.07010706381604778 0
1691109458221 0.0696305948164694 0
1691109458222 0.06921941510820546 0
1691109458223 0.06887911742866973 0
1691109458223 0.0685573088722589 0
1691109458224 0.0684296250900874 0
1691109458225 0.06802641838859891 0
1691109458226 0.06797551390387431 0
1691109458227 0.06789372248927418 0
1691109458228 0.06750414417653226 0
1691109458229 0.06746020867703013 0
1691109458229 0.06718351137383319 0
1691109458230 0.06693116882557071 0
