1691112820563 0.6789712663712169 0
1691112820564 0.602017648902873 0
1691112820565 0.5390648020637979 0
1691112820566 0.4773810345529353 0
1691112820567 0.430765002393696 0
1691112820568 0.3938143911815083 0
1691112820569 0.35639984983256096 0
1691112820569 0.3302573108321837 0
1691112820570 0.3048383304502907 0
1691112820571 0.2846268226204646 0
1691112820572 0.26634483989334345 0
1691112820573 0.2515790305021334 0
1691112820574 0.23927684990477951 0
1691112820575 0.22780832223120864 0
1691112820576 0.21714675892062754 0
1691112820576 0.2086536922850679 0
1691112820577 0.2007867004787698 0
1691112820578 0.19504058326862064 0
1691112820579 0.1892923646856555 0
1691112820580 0.18401910708953836 0
1691112820581 0.17954773997889273 0
1691112820582 0.1755096839495205 0
1691112820583 0.17186184502824484 0
1691112820585 0.16887605725211588 0
1691112820586 0.16615151254597732 0
1691112820587 0.1635410874442218 0
1691112820588 0.1612953849890907 0
1691112820589 0.15933255415365374 0
1691112820590 0.15767668797898074 0
1691112820590 0.15582690139199756 0
1691112820591 0.15440316537617343 0
1691112820592 0.1532282173594998 0
1691112820593 0.15162452038382465 0
1691112820594 0.1506052500371879 0
1691112820595 0.14979004632374948 0
1691112820595 0.14877587673883794 0
1691112820596 0.14769362180085335 0
1691112820597 0.14689212806665003 0
1691112820598 0.14583412211772354 0
1691112820599 0.1452318675470113 0
1691112820600 0.1445579594765417 0
1691112820601 0.14401579047621077 0
1691112820601 0.1435369585061274 0
1691112820602 0.14281940084882278 0
1691112820603 0.1421480834410293 0
1691112820604 0.14178176971106973 0
1691112820605 0.14132588081297956 0
1691112820606 0.14091048105058926 0
1691112820607 0.14059599817642623 0
1691112820608 0.14006361272258178 0
1691112820608 0.13956399123272384 0
1691112820609 0.13932721308005055 0
1691112820610 0.13907342358574262 0
1691112820611 0.13875263249288755 0
1691112820612 0.13836071562972496 0
1691112820613 0.13796227441618283 0
1691112820613 0.13777614965248486 0
1691112820614 0.13757599637313395 0
1691112820615 0.13725212494892336 0
1691112820616 0.13710005979155757 0
1691112820617 0.13685642730649542 0
1691112820618 0.13654607446555508 0
1691112820619 0.13618877285045625 0
1691112820620 0.13604610502766232 0
1691112820621 0.13523481468488036 0
1691112820622 0.13505238027257072 0
1691112820623 0.13489989981800965 0
1691112820624 0.13454863747000048 0
1691112820624 0.13445889878951242 0
1691112820625 0.1343102052764882 0
1691112820626 0.13409799322421442 0
1691112820627 0.13398161595393093 0
1691112820628 0.13390769377890305 0
1691112820629 0.13363906073290857 0
1691112820629 0.13351544749038483 0
1691112820631 0.1333735306240294 0
1691112820631 0.1333080724843245 0
1691112820633 0.1330759575708433 0
1691112820635 0.13278617977799478 0
1691112820636 0.13214683586271167 0
1691112820637 0.13198924387199507 0
1691112820638 0.1317563835833597 0
1691112820639 0.13169917821014684 0
1691112820640 0.13102783143357732 0
1691112820641 0.13063593692646105 0
1691112820641 0.1303979316257857 0
1691112820642 0.13031473235165336 0
1691112820643 0.13023867661954916 0
1691112820644 0.12962999218397428 0
1691112820645 0.12931044702970323 0
1691112820646 0.12910245493447478 0
1691112820646 0.12882048243715638 0
1691112820647 0.1287501915989695 0
1691112820648 0.12866825344210714 0
1691112820649 0.12852664708792427 0
1691112820650 0.12809950993669722 0
1691112820651 0.1278957101278407 0
1691112820652 0.1276267467623411 0
1691112820653 0.1274036723927931 0
1691112820654 0.12717574629783895 0
