1691109377138 0.719566326976977 0
1691109377138 0.6705335732694953 0
1691109377139 0.6262026506732952 0
1691109377140 0.5859231810003601 0
1691109377141 0.549468762925979 0
1691109377141 0.5157124288669918 0
1691109377142 0.4851836847059723 0
1691109377143 0.4572841021548568 0
1691109377144 0.43212081372497557 0
1691109377144 0.4082617559529608 0
1691109377145 0.3870727356948308 0
1691109377146 0.36750175609173497 0
1691109377146 0.34917568402499755 0
1691109377147 0.33220329984894864 0
1691109377148 0.3168011025580353 0
1691109377149 0.30279932950555916 0
1691109377149 0.290331436922951 0
1691109377150 0.2786509504316507 0
1691109377151 0.2677159329489858 0
1691109377151 0.258219125600168 0
1691109377152 0.24896287217417942 0
1691109377153 0.24100006088764675 0
1691109377154 0.23335192310524336 0
1691109377154 0.22664098058485638 0
1691109377155 0.219921726032348 0
1691109377156 0.2139780838066112 0
1691109377157 0.20802812870836906 0
1691109377157 0.20301315509953746 0
1691109377158 0.19801653691132595 0
1691109377159 0.19369107617398895 0
1691109377159 0.1894874824832527 0
1691109377160 0.18575919888749273 0
1691109377161 0.18238740720666488 0
1691109377162 0.1788514764705064 0
1691109377162 0.1757233553837278 0
1691109377163 0.17300466374741094 0
1691109377164 0.17039733349715017 0
1691109377165 0.1679274882313377 0
1691109377165 0.16540943065025301 0
1691109377166 0.16307935640692736 0
1691109377167 0.16096487407214316 0
1691109377167 0.1589282419830153 0
1691109377168 0.15717840147764967 0
1691109377169 0.15551121870416526 0
1691109377170 0.15380594254082613 0
1691109377170 0.1522498372099739 0
1691109377171 0.15063641482831802 0
1691109377172 0.1492902124491923 0
1691109377173 0.14797670699795423 0
1691109377173 0.14662012335548155 0
1691109377174 0.145550062475182 0
1691109377175 0.14444771935189302 0
1691109377175 0.14336049462811445 0
1691109377176 0.14214601053720044 0
1691109377177 0.14117190318069467 0
1691109377178 0.14027295475847265 0
1691109377179 0.13943566857162965 0
1691109377180 0.13862850136924848 0
1691109377181 0.137850905568802 0
1691109377182 0.13714934135951465 0
1691109377184 0.13651436748576948 0
1691109377185 0.13588248476349432 0
1691109377185 0.13533808107950598 0
1691109377186 0.13480540953574843 0
1691109377187 0.13420320576374042 0
1691109377188 0.1337037845029479 0
1691109377188 0.13302714309026387 0
1691109377189 0.13256016640229548 0
1691109377190 0.1321206782592353 0
1691109377191 0.13170230480464987 0
1691109377191 0.1311983961178568 0
1691109377192 0.13080608374383978 0
1691109377193 0.13048050080010173 0
1691109377193 0.1301817302999157 0
1691109377194 0.12983028954228665 0
1691109377195 0.1293787539550744 0
1691109377195 0.12911990655955957 0
1691109377196 0.12883542702263545 0
1691109377197 0.12842560825814517 0
1691109377198 0.12796382386773225 0
1691109377198 0.12771915355825475 0
1691109377199 0.12739896236170348 0
1691109377200 0.12712096177568502 0
1691109377200 0.126729429566803 0
1691109377201 0.12632253297656426 0
1691109377202 0.12613169773537436 0
1691109377203 0.1257849770542262 0
1691109377203 0.12542724246378986 0
1691109377204 0.12510161315028634 0
1691109377205 0.12456286037844039 0
1691109377206 0.12426143126879756 0
1691109377206 0.12381212218718078 0
1691109377207 0.12357457116234265 0
1691109377208 0.12315846476915865 0
1691109377208 0.12298733453393888 0
1691109377209 0.12272980861119186 0
1691109377210 0.1223560012491297 0
1691109377211 0.12226202217696151 0
1691109377211 0.12209493712970515 0
1691109377212 0.12198510629328391 0
