1691112860295 0.6602174621412694 0
1691112860296 0.5681809388971892 0
1691112860297 0.4926496819303026 0
1691112860297 0.4312047125401388 0
1691112860298 0.3805313510694318 0
1691112860299 0.33893418835976524 0
1691112860300 0.304505194424696 0
1691112860301 0.2750705967086677 0
1691112860302 0.25085746993380953 0
1691112860303 0.23138768171571225 0
1691112860303 0.21415716848014807 0
1691112860304 0.19986363225312204 0
1691112860305 0.18828322363131206 0
1691112860306 0.1775705411470064 0
1691112860307 0.1689873600081956 0
1691112860308 0.16116392895804899 0
1691112860309 0.15514256888737366 0
1691112860309 0.1493565297820188 0
1691112860310 0.14496879136408028 0
1691112860311 0.14108418099384867 0
1691112860312 0.13734460315163738 0
1691112860313 0.1342512789535909 0
1691112860314 0.13077950446010903 0
1691112860315 0.127972120013041 0
1691112860315 0.1258073461980323 0
1691112860316 0.12312712130523316 0
1691112860317 0.12131028489995173 0
1691112860318 0.11963001114862598 0
1691112860319 0.11823252416134937 0
1691112860320 0.11644590568904903 0
1691112860321 0.11519349461347948 0
1691112860322 0.11386645620523178 0
1691112860322 0.11299637813230043 0
1691112860323 0.11203931223857314 0
1691112860324 0.11076124939966409 0
1691112860325 0.1098393673034008 0
1691112860326 0.10900141989518157 0
1691112860327 0.10814147935323362 0
1691112860328 0.10722201897477515 0
1691112860329 0.10649913982128972 0
1691112860329 0.1060337928064102 0
1691112860331 0.10546452348514486 0
1691112860332 0.10490667796076578 0
1691112860333 0.10426222308364727 0
1691112860334 0.10378931535803657 0
1691112860335 0.10337391338419784 0
1691112860336 0.10280646160121905 0
1691112860337 0.10225554909217853 0
1691112860337 0.10168444299757128 0
1691112860338 0.10106029009955167 0
1691112860339 0.10042818108274909 0
1691112860340 0.10006689572970887 0
1691112860341 0.09995545773809207 0
1691112860342 0.09956084807246364 0
1691112860343 0.09923082727967758 0
1691112860343 0.09914662898572679 0
1691112860344 0.09868264951435375 0
1691112860345 0.09795000494180571 0
1691112860346 0.09788530034504989 0
1691112860347 0.09759483426767541 0
1691112860348 0.09753406124128089 0
1691112860349 0.09698386994306774 0
1691112860349 0.09654609134192599 0
1691112860350 0.09614971458467261 0
1691112860351 0.09602929373621948 0
1691112860352 0.09598234520945546 0
1691112860353 0.09554354714345067 0
1691112860354 0.09545687079030636 0
1691112860355 0.09529128235599335 0
1691112860355 0.09521309902822296 0
1691112860356 0.09513209765610023 0
1691112860357 0.09457746925788427 0
1691112860358 0.09450611822536079 0
1691112860359 0.0944329158427379 0
1691112860360 0.09393903524267791 0
1691112860360 0.09384514452674793 0
1691112860361 0.09352765736730201 0
1691112860362 0.0931464698702975 0
1691112860363 0.0927671304158621 0
1691112860364 0.09264266232452338 0
1691112860365 0.09214408033604231 0
1691112860366 0.09172115856583718 0
1691112860366 0.0915777071322088 0
1691112860368 0.09146434286632112 0
1691112860369 0.0913965040153497 0
1691112860370 0.09100928224261236 0
1691112860371 0.09080469118529524 0
1691112860372 0.0901907003026148 0
1691112860373 0.08986525332817012 0
1691112860373 0.08956890810228446 0
1691112860374 0.08955314605423163 0
1691112860375 0.08930380594370728 0
1691112860376 0.08878134987220135 0
1691112860377 0.08848196214045366 0
1691112860378 0.08795167774715525 0
1691112860379 0.08756327017919892 0
1691112860379 0.0870631128364141 0
1691112860380 0.08679767439138412 0
1691112860381 0.08641009444922657 0
1691112860382 0.0863934964719439 0
