1691112807534 0.712853934026752 0
1691112807535 0.6578908631792314 0
1691112807536 0.6082339140605781 0
1691112807537 0.5634668923268928 0
1691112807538 0.5229275710471692 0
1691112807538 0.4861028874112896 0
1691112807539 0.4526803199410159 0
1691112807540 0.422193311719742 0
1691112807541 0.39491017697471287 0
1691112807542 0.3698233273103167 0
1691112807543 0.3471589692223738 0
1691112807544 0.3266733142465849 0
1691112807544 0.3079957349426016 0
1691112807545 0.2911206751174621 0
1691112807546 0.27574205544997343 0
1691112807547 0.2614834608693278 0
1691112807548 0.24819952280729302 0
1691112807549 0.23641990202407076 0
1691112807550 0.22539516120519115 0
1691112807551 0.21538971573089072 0
1691112807552 0.20634250884140043 0
1691112807553 0.19789798022622984 0
1691112807554 0.19020342166624973 0
1691112807555 0.18338944792432318 0
1691112807557 0.17698876093446522 0
1691112807558 0.1712157521148546 0
1691112807559 0.16586745657104182 0
1691112807560 0.1610260833854646 0
1691112807561 0.1565284630503161 0
1691112807562 0.15180002450676158 0
1691112807563 0.14787946857869536 0
1691112807564 0.14415416490005317 0
1691112807564 0.14060432187734206 0
1691112807565 0.1373442277768974 0
1691112807566 0.13444536225332493 0
1691112807567 0.13188032515504514 0
1691112807568 0.1291766406662511 0
1691112807569 0.12677019179855353 0
1691112807569 0.12443251697962754 0
1691112807570 0.1224415632739519 0
1691112807571 0.12045170609084595 0
1691112807572 0.11873971066983903 0
1691112807573 0.11706554585187158 0
1691112807574 0.11553702717896944 0
1691112807575 0.114175867780772 0
1691112807575 0.1125528956026835 0
1691112807576 0.11110241529243313 0
1691112807577 0.10994742202268729 0
1691112807578 0.1086017533691105 0
1691112807579 0.10737239504003387 0
1691112807580 0.10627181326300528 0
1691112807580 0.10538083810378965 0
1691112807581 0.10440915030991688 0
1691112807582 0.1036108644300669 0
1691112807583 0.1027821082703069 0
1691112807584 0.10209838976894321 0
1691112807585 0.10126907551365207 0
1691112807586 0.10027834899128778 0
1691112807586 0.09964844282550789 0
1691112807587 0.09889582242456238 0
1691112807588 0.09824909723687236 0
1691112807589 0.09744511304699968 0
1691112807590 0.09663086633271992 0
1691112807591 0.09590843343474292 0
1691112807592 0.09524588076434048 0
1691112807594 0.09459276220850033 0
1691112807595 0.094068661717738 0
1691112807596 0.09349513791373096 0
1691112807598 0.09296016260785708 0
1691112807599 0.09243944573549176 0
1691112807600 0.09206437645422647 0
1691112807601 0.09164546091758474 0
1691112807603 0.09116471096277878 0
1691112807604 0.09080105792462125 0
1691112807605 0.09045103909056015 0
1691112807606 0.09000428439558485 0
1691112807608 0.08969246535190634 0
1691112807609 0.08928464775579154 0
1691112807610 0.08893692066897652 0
1691112807612 0.08860450927618446 0
1691112807613 0.08810557674291794 0
1691112807614 0.08775838978777135 0
1691112807616 0.08748015439080041 0
1691112807617 0.08699553700336145 0
1691112807618 0.0865684005004414 0
1691112807619 0.08619877084783327 0
1691112807620 0.08597888934688952 0
1691112807621 0.08555334153430377 0
1691112807622 0.08516993587477259 0
1691112807623 0.08482262876611601 0
1691112807624 0.0846073532252986 0
1691112807631 0.08424577807575874 0
1691112807632 0.08381193419763862 0
1691112807633 0.08360446129124297 0
1691112807634 0.08326837218735224 0
1691112807635 0.08300215259427111 0
1691112807636 0.08281933900329554 0
1691112807637 0.08243897377494974 0
1691112807639 0.08222742486760731 0
1691112807640 0.08197388488741768 0
