1691112794634 0.7155082911943524 0
1691112794635 0.6628793455415837 0
1691112794635 0.6152526046244672 0
1691112794636 0.572274426176306 0
1691112794637 0.533283565585482 0
1691112794638 0.49799732071328917 0
1691112794639 0.4659746559951972 0
1691112794640 0.4369838758652104 0
1691112794641 0.41048338867854123 0
1691112794641 0.3864989258923041 0
1691112794642 0.36466203651249435 0
1691112794643 0.3441876406398181 0
1691112794644 0.326057901462004 0
1691112794645 0.30897233739531654 0
1691112794646 0.2935441487903159 0
1691112794646 0.2795153732871554 0
1691112794647 0.26700653683640374 0
1691112794648 0.2553892396397321 0
1691112794649 0.24499362544077913 0
1691112794650 0.23473249188256132 0
1691112794651 0.22570627122362721 0
1691112794651 0.21773871395518232 0
1691112794652 0.21009445821794193 0
1691112794653 0.20302474555546512 0
1691112794654 0.196728082084724 0
1691112794655 0.19103123009369014 0
1691112794656 0.18524745176787522 0
1691112794656 0.18015580352497906 0
1691112794657 0.17559503254726763 0
1691112794658 0.17114337613911262 0
1691112794659 0.16747335669951893 0
1691112794660 0.1635444927369596 0
1691112794661 0.1604274507599189 0
1691112794661 0.1572891798772125 0
1691112794662 0.15426024159673557 0
1691112794663 0.15141071072517884 0
1691112794664 0.14890393759518777 0
1691112794665 0.14672995756892782 0
1691112794666 0.14466126036278104 0
1691112794666 0.1426017364805257 0
1691112794667 0.1407687727437755 0
1691112794668 0.13910708349161538 0
1691112794669 0.13723419624593547 0
1691112794670 0.1356688325712826 0
1691112794671 0.13400642095147622 0
1691112794672 0.1323532774358604 0
1691112794673 0.13084054313747723 0
1691112794674 0.12952802307684272 0
1691112794675 0.1283247822880193 0
1691112794676 0.12677207900802492 0
1691112794677 0.1253666324867648 0
1691112794678 0.12436719333233784 0
1691112794679 0.12339120945199124 0
1691112794679 0.12222894027612077 0
1691112794680 0.12136121773164978 0
1691112794681 0.12045612849084758 0
1691112794682 0.11968157102458343 0
1691112794683 0.11893390502657945 0
1691112794684 0.11821435229092064 0
1691112794684 0.11759162584724678 0
1691112794685 0.11671107633057375 0
1691112794686 0.11616494174257581 0
1691112794687 0.1154282101148627 0
1691112794688 0.11476143877764228 0
1691112794689 0.11424324430675212 0
1691112794690 0.11377327454782088 0
1691112794692 0.11327254091619322 0
1691112794693 0.11278075609290444 0
1691112794694 0.11231677615128595 0
1691112794694 0.1118682438479375 0
1691112794695 0.11137409952947507 0
1691112794696 0.11096246879103519 0
1691112794697 0.11051093998118999 0
1691112794698 0.11008684470359272 0
1691112794699 0.10966787402012648 0
1691112794700 0.10926397692276055 0
1691112794700 0.10881788488878709 0
1691112794701 0.10845600164119762 0
1691112794702 0.1081336617880765 0
1691112794703 0.10773165925931472 0
1691112794704 0.1073620154018991 0
1691112794705 0.10706374633623476 0
1691112794705 0.1067196639599537 0
1691112794706 0.1063635676412537 0
1691112794707 0.10601075740807206 0
1691112794708 0.10572316093783266 0
1691112794709 0.10540220310719467 0
1691112794710 0.10508580851999305 0
1691112794711 0.10481882779453368 0
1691112794712 0.10458636980640625 0
1691112794713 0.10435758074812815 0
1691112794714 0.10413781328299775 0
1691112794714 0.10375799075991196 0
1691112794715 0.10348680689828661 0
1691112794716 0.10332944229515381 0
1691112794717 0.10307066718487432 0
1691112794718 0.1028131111246178 0
1691112794719 0.10243240335807634 0
1691112794719 0.1021829325086033 0
1691112794720 0.10196670530551558 0
