1691112863548 0.6611538167081134 0
1691112863549 0.5683564328794565 0
1691112863550 0.49278615382969065 0
1691112863551 0.43128998011933944 0
1691112863552 0.38145626194088245 0
1691112863553 0.339391443218741 0
1691112863553 0.3043806340164828 0
1691112863554 0.2757156430020565 0
1691112863555 0.2524561751720227 0
1691112863556 0.23183375735762915 0
1691112863557 0.21492828950649542 0
1691112863558 0.20051041109216983 0
1691112863559 0.1886755916955108 0
1691112863559 0.1785805881980858 0
1691112863560 0.16978722896945989 0
1691112863561 0.16221127114205247 0
1691112863562 0.1559385517576011 0
1691112863563 0.15090283277155234 0
1691112863564 0.14584524229549015 0
1691112863565 0.14214613286449584 0
1691112863565 0.1382634996678804 0
1691112863566 0.13463559997768856 0
1691112863567 0.1319660875393508 0
1691112863568 0.12944503234238847 0
1691112863569 0.12637096983274484 0
1691112863570 0.12429799533806629 0
1691112863571 0.1220129913771475 0
1691112863572 0.12042486743987492 0
1691112863572 0.11905250010771697 0
1691112863573 0.11735166930113898 0
1691112863574 0.11608176143244459 0
1691112863575 0.1148685202390123 0
1691112863576 0.1138433784275749 0
1691112863577 0.11272071908973139 0
1691112863578 0.1118296596745009 0
1691112863578 0.11094775476754438 0
1691112863579 0.10990799633197647 0
1691112863580 0.10927403682986052 0
1691112863581 0.10829647313289105 0
1691112863582 0.10765333560757219 0
1691112863583 0.10714186149455686 0
1691112863584 0.10657091863581654 0
1691112863585 0.10597379075320634 0
1691112863586 0.10531028771454039 0
1691112863586 0.10451418640648018 0
1691112863587 0.10390602337079691 0
1691112863588 0.10341350493109912 0
1691112863589 0.10297638258455837 0
1691112863590 0.10238387917972279 0
1691112863591 0.10222453428450903 0
1691112863592 0.10175651208593811 0
1691112863593 0.10165686666457319 0
1691112863593 0.10106563656261887 0
1691112863594 0.10004778517205777 0
1691112863595 0.09933708950158518 0
1691112863596 0.09869631389645303 0
1691112863597 0.09862584920197456 0
1691112863598 0.09822692331388654 0
1691112863599 0.09785797730273034 0
1691112863599 0.09764360844980528 0
1691112863600 0.09738975066669261 0
1691112863602 0.09721616504290442 0
1691112863603 0.09664938097514598 0
1691112863604 0.09658427809974915 0
1691112863605 0.09615511312909111 0
1691112863606 0.0956340192905794 0
1691112863607 0.09518841162220076 0
1691112863608 0.09474322944329601 0
1691112863609 0.09455330978773671 0
1691112863610 0.09430896096043175 0
1691112863610 0.09427052287845741 0
1691112863611 0.09407652077732977 0
1691112863612 0.09377856116206801 0
1691112863613 0.09366957756911265 0
1691112863614 0.0935932504615032 0
1691112863615 0.09304945062395749 0
1691112863616 0.09298755354288703 0
1691112863616 0.09294411392919485 0
1691112863617 0.0924602784910179 0
1691112863619 0.09239562406599908 0
1691112863619 0.09188181054147418 0
1691112863620 0.0914376536816619 0
1691112863621 0.09140513331960606 0
1691112863623 0.09112436995288542 0
1691112863624 0.09064196914936173 0
1691112863625 0.08997947286062845 0
1691112863625 0.08994211678269573 0
1691112863626 0.0895577752101821 0
1691112863627 0.08951564006873053 0
1691112863628 0.08915161114925053 0
1691112863629 0.08909927816708661 0
1691112863630 0.08872419516548502 0
1691112863631 0.08870198463050646 0
1691112863631 0.08863765763557625 0
1691112863632 0.08822360259086894 0
1691112863633 0.08818997960547671 0
1691112863634 0.08791926355609285 0
1691112863635 0.08775354631669917 0
1691112863636 0.087370969556028 0
1691112863637 0.08706204351389754 0
