1691123966277 0.6550448686864587 0
1691123966278 0.5587813080684999 0
1691123966279 0.4806284637682047 0
1691123966280 0.416443071564991 0
1691123966281 0.3636744975128655 0
1691123966282 0.3207849989312482 0
1691123966283 0.2857950603977044 0
1691123966284 0.25658717110134055 0
1691123966285 0.2326379594141175 0
1691123966286 0.2121135886021016 0
1691123966287 0.19493051115303772 0
1691123966288 0.18082401577212195 0
1691123966289 0.16904417250606524 0
1691123966290 0.15922453048227306 0
1691123966291 0.15080283571925482 0
1691123966292 0.1426234983982255 0
1691123966293 0.13596935572959323 0
1691123966294 0.13017605912210672 0
1691123966295 0.12537962755605397 0
1691123966296 0.12110816810599677 0
1691123966297 0.11776995626289763 0
1691123966298 0.1147148998264369 0
1691123966299 0.11209753777256515 0
1691123966300 0.10992618639263918 0
1691123966301 0.10787874725717585 0
1691123966302 0.10542978260600043 0
1691123966303 0.10324137915057499 0
1691123966303 0.10150699354398393 0
1691123966304 0.10020629446545422 0
1691123966305 0.09873533353948938 0
1691123966306 0.09701554642977948 0
1691123966307 0.0956509921191123 0
1691123966308 0.09446600440936463 0
1691123966309 0.09296952299769316 0
1691123966310 0.0919312556637135 0
1691123966311 0.09083753420150299 0
1691123966312 0.08979876936601794 0
1691123966313 0.08920240195988348 0
1691123966314 0.08847633477379266 0
1691123966315 0.0877583092966325 0
1691123966316 0.08683023757441846 0
1691123966317 0.08603993520330575 0
1691123966318 0.08515496049296224 0
1691123966319 0.084770987363566 0
1691123966320 0.08390515156106343 0
1691123966321 0.08340995102969516 0
1691123966322 0.083191411167459 0
1691123966323 0.08275300535500019 0
1691123966324 0.08216197700105536 0
1691123966325 0.08141417876684429 0
1691123966326 0.08089149498595616 0
1691123966327 0.08053056518232353 0
1691123966328 0.0802242907895906 0
1691123966329 0.07977692509908152 0
1691123966330 0.07921162035813138 0
1691123966331 0.078992349033935 0
1691123966332 0.07873577422154737 0
1691123966333 0.07816010944010428 0
1691123966334 0.07811679253689467 0
1691123966335 0.07769526010487164 0
1691123966336 0.07722431497835984 0
1691123966337 0.07673276913347897 0
1691123966338 0.07646579983165958 0
1691123966339 0.07591300367781774 0
1691123966340 0.07588404559439893 0
1691123966341 0.07543039445213763 0
1691123966342 0.0752444814904702 0
1691123966343 0.0746230856053496 0
1691123966344 0.0742510750713023 0
1691123966345 0.0740109745896714 0
1691123966346 0.07390872948062173 0
1691123966347 0.07372349158887848 0
1691123966348 0.0732863938163978 0
1691123966349 0.07323621769568141 0
1691123966350 0.07310851541782525 0
1691123966351 0.07282374013560897 0
1691123966352 0.07221887897035031 0
1691123966353 0.07160083117788452 0
1691123966354 0.07155310957992397 0
1691123966355 0.07151989094769584 0
1691123966356 0.07110454769832662 0
1691123966357 0.07072068086708902 0
1691123966358 0.07035960612360692 0
1691123966359 0.07033389137440668 0
1691123966360 0.07028964573353923 0
1691123966361 0.06984828188977711 0
1691123966362 0.06977515431138236 0
1691123966363 0.06974197214596664 0
1691123966364 0.06935627924450524 0
1691123966365 0.06882640266703328 0
1691123966366 0.06845795136373166 0
1691123966367 0.0680607836083697 0
1691123966368 0.06773089631868597 0
1691123966369 0.06720576239981953 0
1691123966370 0.06716343157213296 0
1691123966371 0.06664378006395924 0
1691123966372 0.0663344220625886 0
1691123966373 0.06630162430829199 0
1691123966374 0.06598677218198318 0
1691123966375 0.06564113007723008 0
