1691112883421 0.6576676303491023 0
1691112883422 0.5621519929067382 0
1691112883423 0.4849838953008791 0
1691112883424 0.41984568489580365 0
1691112883425 0.3657407828518983 0
1691112883426 0.32217855861939027 0
1691112883427 0.28660474794848245 0
1691112883428 0.25740650527462616 0
1691112883428 0.23212512139024896 0
1691112883429 0.21219932489992543 0
1691112883430 0.19488786837153083 0
1691112883431 0.18070644156489968 0
1691112883432 0.16818076711836846 0
1691112883433 0.15809532502148246 0
1691112883434 0.14965218010258172 0
1691112883435 0.1426291973101805 0
1691112883435 0.1368294150871135 0
1691112883436 0.13117118429807442 0
1691112883437 0.12638055732805928 0
1691112883438 0.1222251533807283 0
1691112883439 0.11877177446115736 0
1691112883440 0.11602400432966067 0
1691112883441 0.11318017892963163 0
1691112883442 0.11073041496790373 0
1691112883442 0.10868370430605119 0
1691112883443 0.10683863668337477 0
1691112883444 0.1051230895871812 0
1691112883445 0.1031375059171968 0
1691112883446 0.10185390089628257 0
1691112883447 0.10019804754691816 0
1691112883448 0.09905267817220528 0
1691112883449 0.09789005183687019 0
1691112883449 0.09684033867861067 0
1691112883450 0.09555078811270863 0
1691112883451 0.09467449059216902 0
1691112883452 0.09354834375038641 0
1691112883453 0.09260704650107143 0
1691112883454 0.09184590184272942 0
1691112883455 0.0910783686338021 0
1691112883456 0.0904124547988195 0
1691112883456 0.0898123674679962 0
1691112883457 0.08916367402502842 0
1691112883458 0.088546274041491 0
1691112883459 0.08804792111056661 0
1691112883460 0.08698760473453303 0
1691112883461 0.08642906200770907 0
1691112883462 0.08594629304464817 0
1691112883462 0.08534113808311444 0
1691112883463 0.08473379879762395 0
1691112883464 0.08454403443827178 0
1691112883465 0.08397300885156164 0
1691112883466 0.08360328454910987 0
1691112883467 0.08335975689311596 0
1691112883468 0.08317762177258632 0
1691112883469 0.082807587889589 0
1691112883470 0.08229197653929131 0
1691112883470 0.08187861494443822 0
1691112883471 0.08142921551335429 0
1691112883472 0.08103625126143714 0
1691112883473 0.08072318899069623 0
1691112883474 0.08061308384094035 0
1691112883475 0.07999063412658522 0
1691112883476 0.07976992473317879 0
1691112883477 0.0793614708014462 0
1691112883477 0.07891568271835606 0
1691112883478 0.07859193034504508 0
1691112883479 0.07828937241839216 0
1691112883480 0.07816990136224065 0
1691112883481 0.07780732301028391 0
1691112883482 0.07726605098882385 0
1691112883483 0.07701055249968183 0
1691112883484 0.07668621884848308 0
1691112883485 0.0763015846980357 0
1691112883485 0.07565806959814966 0
1691112883486 0.07563179387871616 0
1691112883487 0.07473377543383347 0
1691112883488 0.0745566869131548 0
1691112883489 0.07405551932626604 0
1691112883490 0.07381984600952672 0
1691112883491 0.07372256974447147 0
1691112883492 0.07340206343116831 0
1691112883492 0.07290400523015522 0
1691112883493 0.07232030438379515 0
1691112883494 0.07224030946650256 0
1691112883496 0.07219857370255188 0
1691112883497 0.07200007160185858 0
1691112883497 0.07149816938908327 0
1691112883498 0.07096647346976893 0
1691112883499 0.0704727572170965 0
1691112883500 0.07026117954934813 0
1691112883501 0.06987489927599301 0
1691112883502 0.06967258889177098 0
1691112883503 0.06957558918469064 0
1691112883504 0.06919351560839222 0
1691112883505 0.06898935155080227 0
1691112883505 0.06858870804051741 0
1691112883506 0.06809114622474974 0
1691112883507 0.06805380195023222 0
1691112883508 0.06800456137878495 0
1691112883509 0.06777272374396982 0
