1691123907677 0.7164367296369287 0
1691123907678 0.6635059090968012 0
1691123907680 0.616109949278936 0
1691123907680 0.5727317665930222 0
1691123907681 0.5339680694425432 0
1691123907682 0.49921427831753656 0
1691123907683 0.4673354555639389 0
1691123907684 0.43809518331594444 0
1691123907685 0.4114215321642301 0
1691123907686 0.3870008145677741 0
1691123907687 0.3649768599508021 0
1691123907688 0.34455006535834554 0
1691123907689 0.32662118641633897 0
1691123907690 0.3100300027761649 0
1691123907691 0.2944715162612748 0
1691123907692 0.2802994529827407 0
1691123907693 0.26740650422630674 0
1691123907693 0.25517911775201263 0
1691123907694 0.2441154643496145 0
1691123907696 0.23372662633624836 0
1691123907697 0.22491560621810652 0
1691123907698 0.21649413419191138 0
1691123907699 0.20879405432754158 0
1691123907700 0.20156802886655514 0
1691123907701 0.19507417878910396 0
1691123907702 0.1893965763895769 0
1691123907703 0.18385507109080368 0
1691123907704 0.17849776000123188 0
1691123907705 0.17415360978100974 0
1691123907706 0.17011395408118743 0
1691123907707 0.16608241856784942 0
1691123907708 0.1625125748621586 0
1691123907708 0.15921964885057743 0
1691123907709 0.1561751172751012 0
1691123907710 0.15318664272640553 0
1691123907711 0.15055892293238532 0
1691123907712 0.1483054381163284 0
1691123907713 0.14600214159273778 0
1691123907714 0.14376641095549494 0
1691123907715 0.1415938549394889 0
1691123907716 0.13940499834325074 0
1691123907717 0.1377082867916539 0
1691123907718 0.13594203614370856 0
1691123907719 0.1345018972331561 0
1691123907720 0.1329712386805951 0
1691123907720 0.13146193094122166 0
1691123907721 0.13034003608622066 0
1691123907722 0.12919525627387932 0
1691123907723 0.12803860023835564 0
1691123907724 0.12666918122570545 0
1691123907725 0.12571447075918438 0
1691123907726 0.12470523571575304 0
1691123907727 0.12381951211319416 0
1691123907728 0.12262626680803995 0
1691123907729 0.12183592305919787 0
1691123907730 0.1207528383643614 0
1691123907731 0.1198517185636689 0
1691123907732 0.11905326404487775 0
1691123907733 0.11826338811640133 0
1691123907734 0.1176187680450937 0
1691123907735 0.11698502262329119 0
1691123907736 0.11640842046303697 0
1691123907736 0.11587223957458496 0
1691123907737 0.11513445336661651 0
1691123907738 0.11465637066728435 0
1691123907739 0.1141283502398409 0
1691123907740 0.11364910860334983 0
1691123907741 0.11322713256904224 0
1691123907742 0.11276862881395723 0
1691123907743 0.11221726075261027 0
1691123907744 0.11180411897476862 0
1691123907745 0.11144334231968504 0
1691123907746 0.11106826125454054 0
1691123907747 0.11061343910264096 0
1691123907748 0.11032041295924835 0
1691123907749 0.10987094436005831 0
1691123907749 0.10960379198788174 0
1691123907751 0.10926182207177319 0
1691123907752 0.10893002765842781 0
1691123907753 0.10863383796919375 0
1691123907754 0.10826209975342288 0
1691123907755 0.10784984421186149 0
1691123907756 0.10752464408560916 0
1691123907757 0.10709118697967138 0
1691123907758 0.10678686583157236 0
1691123907759 0.10643616162238437 0
1691123907759 0.10600598789280857 0
1691123907760 0.10578193028242812 0
1691123907761 0.10552309047092574 0
1691123907762 0.10533150413768913 0
1691123907763 0.10508907906317169 0
1691123907764 0.10480976205365154 0
1691123907765 0.1044936959288005 0
1691123907766 0.10440341764848468 0
1691123907767 0.10426996763619678 0
1691123907768 0.10396593810183612 0
1691123907769 0.1038383084080628 0
1691123907770 0.10367425739961607 0
1691123907771 0.10337725632367563 0
1691123907772 0.10324582783483462 0
