1691123904519 0.7161081948025728 0
1691123904520 0.6634714621492952 0
1691123904521 0.6160746779496437 0
1691123904522 0.5726360909313205 0
1691123904523 0.5333310324171403 0
1691123904524 0.49781837040624755 0
1691123904525 0.46576017525512853 0
1691123904526 0.43659793507936745 0
1691123904527 0.4102282420055218 0
1691123904527 0.38594996516020674 0
1691123904528 0.3640476659533907 0
1691123904529 0.3442751976817102 0
1691123904530 0.32632218484184533 0
1691123904531 0.30913801965886883 0
1691123904532 0.29428422283816447 0
1691123904533 0.28000410636439754 0
1691123904534 0.2670369156757737 0
1691123904535 0.25575721630938264 0
1691123904536 0.24522150169493254 0
1691123904537 0.2357250839097036 0
1691123904538 0.22649620040121274 0
1691123904539 0.2182300477670623 0
1691123904540 0.21082374871656792 0
1691123904541 0.2039193682161536 0
1691123904542 0.19733078953384064 0
1691123904543 0.19152048095145746 0
1691123904544 0.18581751191876678 0
1691123904545 0.1809719305694002 0
1691123904546 0.1763207934881239 0
1691123904547 0.17199776564962807 0
1691123904548 0.16782157050423033 0
1691123904549 0.16443544347794017 0
1691123904549 0.16117528196336894 0
1691123904550 0.15761615325170886 0
1691123904551 0.15452993398138704 0
1691123904552 0.15166810389114171 0
1691123904553 0.14934296198793545 0
1691123904554 0.1471260230422392 0
1691123904555 0.14483552168600616 0
1691123904556 0.1428022164035496 0
1691123904557 0.1404956984186197 0
1691123904558 0.13849907753618418 0
1691123904559 0.13692584903533994 0
1691123904560 0.13553154349293683 0
1691123904561 0.13392649581993935 0
1691123904562 0.1324066984771201 0
1691123904563 0.13072244870718824 0
1691123904564 0.12914017614637757 0
1691123904565 0.1279409504518719 0
1691123904566 0.12672418744733213 0
1691123904567 0.12539614159372678 0
1691123904568 0.12425603337164609 0
1691123904569 0.12313486016686795 0
1691123904569 0.12227814767743747 0
1691123904570 0.12141259033202864 0
1691123904571 0.12053192227882621 0
1691123904572 0.11955227723733651 0
1691123904573 0.11881550043184834 0
1691123904574 0.11803263811045295 0
1691123904575 0.11742472929574581 0
1691123904576 0.1165744932132979 0
1691123904577 0.11592088346318806 0
1691123904578 0.11529056074160544 0
1691123904579 0.11476967420769997 0
1691123904580 0.11426526103899368 0
1691123904581 0.11363280192332748 0
1691123904582 0.1131307014057482 0
1691123904583 0.11270118766094958 0
1691123904583 0.11222200221293996 0
1691123904584 0.11179340252194651 0
1691123904585 0.1113727134018137 0
1691123904586 0.11093080131982863 0
1691123904587 0.11055111789401131 0
1691123904588 0.11005938504021567 0
1691123904589 0.10971816264413203 0
1691123904590 0.10929737649691611 0
1691123904591 0.10902277312680766 0
1691123904592 0.1086521246094689 0
1691123904593 0.10827713132802397 0
1691123904594 0.107946808221777 0
1691123904595 0.10761621594602037 0
1691123904596 0.10731712465537747 0
1691123904597 0.10695486364510393 0
1691123904598 0.10661826104794035 0
1691123904599 0.10626983689748487 0
1691123904600 0.10596014272451582 0
1691123904601 0.10562760850187791 0
1691123904602 0.1053561865256414 0
1691123904603 0.10497494462955602 0
1691123904604 0.10464619517749368 0
1691123904605 0.10440323964446017 0
1691123904606 0.10407092365881412 0
1691123904606 0.10378454228506657 0
1691123904607 0.10349500178785416 0
1691123904608 0.10324133757340312 0
1691123904609 0.10305247836871352 0
1691123904610 0.10282923183718892 0
1691123904611 0.1025818263036927 0
1691123904612 0.10234826324889196 0
1691123904613 0.10227630002186591 0
