1691123956274 0.6615267718903486 0
1691123956275 0.5705333808054538 0
1691123956276 0.4943790860589303 0
1691123956277 0.4329753515204594 0
1691123956278 0.38166090509552547 0
1691123956279 0.3397943805376666 0
1691123956280 0.30518650153051247 0
1691123956281 0.2758769123792175 0
1691123956282 0.25192874838148005 0
1691123956283 0.2318119916763646 0
1691123956284 0.21516314571437362 0
1691123956285 0.20127785351710994 0
1691123956286 0.18920740428603905 0
1691123956287 0.17886380925206372 0
1691123956288 0.16947474360666573 0
1691123956289 0.16218723695314022 0
1691123956290 0.1559440704349904 0
1691123956291 0.14996426084820083 0
1691123956292 0.14491015776637128 0
1691123956293 0.14051254138494426 0
1691123956294 0.13694339939852118 0
1691123956295 0.1335972173513424 0
1691123956296 0.13093121227838925 0
1691123956297 0.1285433394491215 0
1691123956298 0.12643468538046085 0
1691123956299 0.12432632184548871 0
1691123956300 0.12201300515881386 0
1691123956301 0.12028326826355687 0
1691123956301 0.11876843096123593 0
1691123956302 0.11758701175615283 0
1691123956303 0.11629568903229716 0
1691123956304 0.11496245710176342 0
1691123956305 0.11385873082668792 0
1691123956307 0.11286707865551122 0
1691123956307 0.11196772437491377 0
1691123956308 0.11093273847909642 0
1691123956309 0.11017288220446952 0
1691123956310 0.10965216913627775 0
1691123956311 0.10899503892988234 0
1691123956312 0.10819488581751613 0
1691123956313 0.10760943429122176 0
1691123956314 0.10687695793320443 0
1691123956315 0.10619348462290593 0
1691123956316 0.10563286494804532 0
1691123956317 0.1052043900521739 0
1691123956318 0.10455342661187211 0
1691123956319 0.10399194044764924 0
1691123956320 0.10384984495901549 0
1691123956321 0.10328328103696591 0
1691123956322 0.10271993199949486 0
1691123956323 0.10247653934178115 0
1691123956324 0.10231205603989851 0
1691123956325 0.10178282831899879 0
1691123956326 0.10143786231213509 0
1691123956327 0.10119968597604073 0
1691123956328 0.10087220237326756 0
1691123956329 0.10021969606709707 0
1691123956330 0.10012594993767536 0
1691123956331 0.09997085418547487 0
1691123956332 0.09923759764853836 0
1691123956332 0.09916779384021748 0
1691123956333 0.09893769558976437 0
1691123956334 0.0983269553162185 0
1691123956335 0.09827180287649544 0
1691123956336 0.09791793901924381 0
1691123956337 0.09785350593355817 0
1691123956338 0.0976942014931489 0
1691123956339 0.09736845058986696 0
1691123956340 0.09726147204261747 0
1691123956341 0.09678648893591829 0
1691123956342 0.09625751722192899 0
1691123956343 0.09588638428759433 0
1691123956344 0.09582866592354272 0
1691123956345 0.09562655667113959 0
1691123956347 0.09558042691357879 0
1691123956349 0.09484751705167205 0
1691123956350 0.09462386077497668 0
1691123956352 0.0945189205277524 0
1691123956354 0.09438398334681179 0
1691123956355 0.0939377789794763 0
1691123956357 0.09389217697054848 0
1691123956358 0.09349498464155727 0
1691123956359 0.09295593559321445 0
1691123956360 0.09265277244525855 0
1691123956361 0.09217813308384017 0
1691123956362 0.09201207011133063 0
1691123956363 0.09144494445700851 0
1691123956364 0.09095775190715759 0
1691123956365 0.09060722859594157 0
1691123956366 0.09028500717578299 0
1691123956367 0.08993636719302424 0
1691123956368 0.08972583957564531 0
1691123956369 0.08925546842491491 0
1691123956370 0.08896200490500265 0
1691123956371 0.08862458763511616 0
1691123956372 0.08835211129821723 0
1691123956373 0.08817518357676032 0
1691123956373 0.08792417422473922 0
1691123956374 0.08768923666770505 0
1691123956375 0.08747746453450841 0
