1691112804172 0.7158220866749494 0
1691112804174 0.6636743345740197 0
1691112804175 0.6160498108241549 0
1691112804176 0.5743801185851864 0
1691112804177 0.535386912311173 0
1691112804178 0.4994738947800885 0
1691112804179 0.4680987586202899 0
1691112804180 0.4390237496398482 0
1691112804182 0.4119597597313472 0
1691112804183 0.3879904131009182 0
1691112804184 0.36615243573443235 0
1691112804185 0.3460756103881142 0
1691112804186 0.3281189473918519 0
1691112804188 0.31099995218714344 0
1691112804189 0.29563247797506503 0
1691112804190 0.28152069241457084 0
1691112804191 0.26869562356122506 0
1691112804193 0.2567117768932728 0
1691112804193 0.24643829508353185 0
1691112804194 0.23663055732743973 0
1691112804195 0.22785742272297466 0
1691112804196 0.22001808675895307 0
1691112804197 0.2123515824797588 0
1691112804198 0.20472559779470384 0
1691112804198 0.19815244860902292 0
1691112804199 0.19227674580323195 0
1691112804200 0.18691280869088775 0
1691112804201 0.18224467672110262 0
1691112804202 0.1773286482366391 0
1691112804203 0.17283002468993927 0
1691112804204 0.16870870304927454 0
1691112804205 0.16525069387074964 0
1691112804205 0.16170880161031298 0
1691112804206 0.15831786409806253 0
1691112804207 0.1553369581541258 0
1691112804208 0.15281022929403912 0
1691112804209 0.15001942445633099 0
1691112804210 0.1477547908530284 0
1691112804210 0.14528325650966967 0
1691112804211 0.1431204348238659 0
1691112804212 0.14095458011179365 0
1691112804213 0.13929826080466975 0
1691112804214 0.13763873067154356 0
1691112804215 0.1360811264234076 0
1691112804215 0.1346032375363872 0
1691112804216 0.13317400995532308 0
1691112804217 0.13200464781172222 0
1691112804219 0.13072997640613385 0
1691112804220 0.12957725620336463 0
1691112804221 0.12843342071084313 0
1691112804222 0.12736917528450764 0
1691112804223 0.12640810294637142 0
1691112804224 0.12548348686902566 0
1691112804225 0.12448812048353239 0
1691112804226 0.12357840019393349 0
1691112804227 0.12274797495737348 0
1691112804228 0.12198977307905744 0
1691112804229 0.12133211012056667 0
1691112804230 0.12060797287801395 0
1691112804230 0.11997360930147329 0
1691112804231 0.11923073873505062 0
1691112804232 0.11842220154639256 0
1691112804233 0.11785268811961558 0
1691112804234 0.11728228315218006 0
1691112804235 0.11675226299751568 0
1691112804235 0.11628378255506665 0
1691112804236 0.11568745516826352 0
1691112804237 0.1153463528546056 0
1691112804238 0.11467535423276604 0
1691112804239 0.11426023458595774 0
1691112804240 0.11384907013987385 0
1691112804241 0.11351960040257879 0
1691112804242 0.11314105234010895 0
1691112804243 0.11284190059108311 0
1691112804244 0.11234771841485386 0
1691112804244 0.1119710455015659 0
1691112804245 0.11159753999293529 0
1691112804246 0.1112378510509344 0
1691112804247 0.1107342021222275 0
1691112804248 0.11042484198980917 0
1691112804249 0.11010433246985196 0
1691112804249 0.10946940056196812 0
1691112804250 0.10907875396797809 0
1691112804251 0.108740303233369 0
1691112804252 0.1084140317421413 0
1691112804253 0.10801428328892254 0
1691112804254 0.10772196634814882 0
1691112804254 0.10745648464883999 0
1691112804255 0.10720560887876966 0
1691112804256 0.10704018026245023 0
1691112804257 0.10695753956226565 0
1691112804258 0.10684117445901067 0
1691112804259 0.10655470018019832 0
1691112804259 0.10632951613251485 0
1691112804260 0.10617223978726001 0
1691112804261 0.10608498359252964 0
1691112804262 0.1058985811096808 0
1691112804263 0.10568040641952542 0
1691112804264 0.10533732393492864 0
1691112804266 0.10510121392921697 0
