1691109371376 0.7254103386092154 0
1691109371377 0.6818377486568861 0
1691109371377 0.6384630676737164 0
1691109371378 0.5983444883037587 0
1691109371379 0.5626918446380343 0
1691109371380 0.5321898124681758 0
1691109371380 0.5049601141179 0
1691109371381 0.47767358970629403 0
1691109371382 0.45483471997798847 0
1691109371382 0.4315891567466762 0
1691109371383 0.4110392084365693 0
1691109371384 0.39244605316483605 0
1691109371385 0.37633300625249355 0
1691109371385 0.3609429123376033 0
1691109371386 0.3468539409093475 0
1691109371387 0.33282963184809283 0
1691109371388 0.3207768901896184 0
1691109371388 0.3102342407523312 0
1691109371389 0.29902488278487893 0
1691109371390 0.2888974450722 0
1691109371391 0.2804420232697301 0
1691109371391 0.27171550229796626 0
1691109371392 0.2636809531029006 0
1691109371393 0.2567240131977737 0
1691109371393 0.2503572172066144 0
1691109371394 0.24475316370574593 0
1691109371395 0.2381063798784973 0
1691109371396 0.2322305893376318 0
1691109371397 0.22664360752824209 0
1691109371397 0.22167389325488002 0
1691109371398 0.21715516168799076 0
1691109371399 0.2134277281891728 0
1691109371399 0.20919136219151005 0
1691109371400 0.20568681591567203 0
1691109371401 0.20203960587156897 0
1691109371401 0.19867652109862097 0
1691109371402 0.19577431645091475 0
1691109371403 0.19279084242442124 0
1691109371404 0.1901856256280753 0
1691109371404 0.18749076583518914 0
1691109371405 0.18527194131737257 0
1691109371406 0.1829374012728779 0
1691109371407 0.18075480443938519 0
1691109371407 0.17890788534032565 0
1691109371408 0.17699208164529817 0
1691109371409 0.17512023948309846 0
1691109371410 0.1732883505762274 0
1691109371410 0.17188066068016775 0
1691109371411 0.17028584414936299 0
1691109371412 0.168810592627149 0
1691109371413 0.16748650329277176 0
1691109371413 0.16625915103509264 0
1691109371414 0.16515841930781022 0
1691109371415 0.16391049628907545 0
1691109371415 0.16276634062900447 0
1691109371416 0.16182149756251313 0
1691109371417 0.1609124963305126 0
1691109371418 0.15998899976930428 0
1691109371419 0.15905575992618973 0
1691109371419 0.15825505560871903 0
1691109371420 0.15744968933292297 0
1691109371421 0.15668021907441854 0
1691109371422 0.15604508398160444 0
1691109371422 0.15537295193298187 0
1691109371423 0.15469961844140004 0
1691109371424 0.15395944464514807 0
1691109371424 0.15342372937426987 0
1691109371425 0.15290287963430257 0
1691109371426 0.1522898777568182 0
1691109371427 0.15178572113214325 0
1691109371427 0.15118935574594713 0
1691109371428 0.1507425911634383 0
1691109371429 0.15030767078752316 0
1691109371429 0.14978405971263947 0
1691109371430 0.14922288707303855 0
1691109371431 0.1488387607379164 0
1691109371432 0.14844587535244377 0
1691109371432 0.14808631334380581 0
1691109371433 0.14748016652052767 0
1691109371434 0.14718406547545873 0
1691109371435 0.14688305022621226 0
1691109371436 0.1464522169309652 0
1691109371436 0.1460551944743322 0
1691109371437 0.14582017292492072 0
1691109371438 0.1454491511566178 0
1691109371439 0.14521069959279997 0
1691109371439 0.14494566106189521 0
1691109371440 0.14471222285292207 0
1691109371441 0.1444152853534614 0
1691109371442 0.14420097829649925 0
1691109371443 0.14389934877332036 0
1691109371443 0.1436676541087718 0
1691109371444 0.14336939993177533 0
1691109371445 0.1430324230654322 0
1691109371445 0.14276270732939114 0
1691109371446 0.1425830672006368 0
1691109371447 0.1421768542257832 0
1691109371448 0.1420165542162668 0
1691109371448 0.1418459852807305 0
1691109371449 0.14167203938754092 0
