1691112778727 0.7263781250413447 0
1691112778728 0.6802963720162261 0
1691112778729 0.6399560755087159 0
1691112778730 0.6029288333846096 0
1691112778731 0.5673588490850637 0
1691112778731 0.537246520007015 0
1691112778732 0.5091593148528206 0
1691112778733 0.4838934295860581 0
1691112778734 0.45841722330467716 0
1691112778735 0.4342283923722432 0
1691112778736 0.41528500838514754 0
1691112778736 0.3976208441275425 0
1691112778737 0.37868283863788 0
1691112778738 0.3638660527454148 0
1691112778739 0.3500592812162237 0
1691112778740 0.3349871163513653 0
1691112778740 0.3230977412372911 0
1691112778741 0.3114332391931316 0
1691112778742 0.2999266945388658 0
1691112778743 0.29085811177882004 0
1691112778744 0.2811756614705158 0
1691112778745 0.27223531723591693 0
1691112778745 0.2639845427409313 0
1691112778746 0.2563579299245224 0
1691112778747 0.24991146242733647 0
1691112778748 0.2435312968319716 0
1691112778749 0.2377869547692501 0
1691112778750 0.2317845171581427 0
1691112778750 0.22715954593393883 0
1691112778751 0.22257561692715647 0
1691112778752 0.21777278190879878 0
1691112778753 0.213401713970313 0
1691112778754 0.20902021855954173 0
1691112778754 0.20536768194860736 0
1691112778755 0.2016090541831348 0
1691112778756 0.19858747942158694 0
1691112778757 0.19524677188881515 0
1691112778758 0.19250161277904848 0
1691112778759 0.18966443246047504 0
1691112778759 0.18705086195042606 0
1691112778760 0.18506329280362072 0
1691112778761 0.1829457551133402 0
1691112778762 0.18075336366711628 0
1691112778763 0.17876027919753762 0
1691112778764 0.17710391189578353 0
1691112778764 0.17523234650424171 0
1691112778765 0.17365774246834936 0
1691112778766 0.1721639784147705 0
1691112778767 0.17070161491650726 0
1691112778768 0.16938706427176184 0
1691112778768 0.16793657576257587 0
1691112778769 0.16676933633942687 0
1691112778770 0.16545207365767542 0
1691112778771 0.16432406597777335 0
1691112778772 0.1633310184403609 0
1691112778773 0.1623326070240308 0
1691112778773 0.16118454531612114 0
1691112778774 0.16022059467344402 0
1691112778775 0.15922795112263502 0
1691112778776 0.15834324794868074 0
1691112778777 0.15752007560953335 0
1691112778778 0.15677692447107874 0
1691112778780 0.15611182576387908 0
1691112778781 0.1553277091116648 0
1691112778783 0.15469475545729883 0
1691112778784 0.15406859876751655 0
1691112778786 0.1535291633585521 0
1691112778787 0.1528749823770639 0
1691112778789 0.15238417970689977 0
1691112778790 0.15181883759316725 0
1691112778791 0.15129674017610126 0
1691112778792 0.15083322650591477 0
1691112778793 0.15039160222160047 0
1691112778794 0.14987495762074174 0
1691112778796 0.14943330846316874 0
1691112778797 0.14895089721365162 0
1691112778798 0.14855463135177358 0
1691112778798 0.14811588358194672 0
1691112778799 0.14775760051863304 0
1691112778800 0.14734168768808753 0
1691112778801 0.14692794551216762 0
1691112778802 0.1466186613777871 0
1691112778803 0.14623877460819057 0
1691112778804 0.1459418278909594 0
1691112778805 0.1455661564111006 0
1691112778806 0.1452332540196688 0
1691112778806 0.14497266831803438 0
1691112778807 0.14461638034293708 0
1691112778808 0.1443709405852162 0
1691112778809 0.1440212473348597 0
1691112778810 0.1437250765484481 0
1691112778811 0.1435235835246544 0
1691112778811 0.14328164974685062 0
1691112778812 0.14291189741975124 0
1691112778813 0.14271516312237761 0
1691112778814 0.14254614660056905 0
1691112778815 0.14238369833968648 0
1691112778815 0.14223779877917275 0
1691112778816 0.1420782548756807 0
1691112778817 0.14192824892374933 0
