1691112838118 0.668758091889865 0
1691112838122 0.5820988459551937 0
1691112838128 0.5108540593225431 0
1691112838130 0.4527076848177281 0
1691112838134 0.40412436943781094 0
1691112838135 0.3617850153993596 0
1691112838136 0.32732905393823036 0
1691112838138 0.2983373287181115 0
1691112838139 0.274865282273543 0
1691112838141 0.255358487989165 0
1691112838142 0.2381640028657231 0
1691112838144 0.22400379133562148 0
1691112838145 0.21121291742924736 0
1691112838146 0.20046758854299232 0
1691112838147 0.19150316134952403 0
1691112838149 0.1842805112357228 0
1691112838150 0.1774008156626564 0
1691112838153 0.171786111618442 0
1691112838154 0.16640015963380617 0
1691112838155 0.16193343297054402 0
1691112838156 0.1581090188019223 0
1691112838158 0.15445848633989878 0
1691112838159 0.15133728536738184 0
1691112838162 0.14860633649794688 0
1691112838164 0.1460747701841974 0
1691112838166 0.14377191886843832 0
1691112838167 0.14183461013211454 0
1691112838168 0.1401802891185317 0
1691112838170 0.13862052130814234 0
1691112838171 0.13734569275529002 0
1691112838172 0.13598002184167823 0
1691112838173 0.13499302076513214 0
1691112838174 0.13405583067726437 0
1691112838176 0.13294705897718395 0
1691112838177 0.13197899731883736 0
1691112838178 0.13122937918761177 0
1691112838179 0.13058248182577506 0
1691112838181 0.1296773410456518 0
1691112838182 0.12905102001922886 0
1691112838183 0.12851028562652295 0
1691112838184 0.1278356232154299 0
1691112838186 0.12723217172587037 0
1691112838187 0.12666100203873204 0
1691112838191 0.12608868177853988 0
1691112838192 0.12572830838616111 0
1691112838193 0.12511813272256878 0
1691112838194 0.1247484716177104 0
1691112838196 0.12383874405285693 0
1691112838197 0.12346717355234135 0
1691112838198 0.12290603605081957 0
1691112838200 0.12232017748587375 0
1691112838201 0.12188997255085496 0
1691112838202 0.12111033593585538 0
1691112838203 0.12097224580459791 0
1691112838205 0.12053803058699582 0
1691112838206 0.12021854913119073 0
1691112838207 0.11985467894691736 0
1691112838208 0.11974045653068692 0
1691112838209 0.1191883766298632 0
1691112838210 0.11872481258358025 0
1691112838213 0.11826520413045229 0
1691112838215 0.11776479271283297 0
1691112838216 0.11767541522867889 0
1691112838218 0.11744985911561923 0
1691112838220 0.11710723305086493 0
1691112838222 0.11685151968139551 0
1691112838223 0.11656542332381864 0
1691112838224 0.11648789841384609 0
1691112838225 0.11576725030402703 0
1691112838227 0.11570447040402118 0
1691112838228 0.11525223626703067 0
1691112838229 0.11519026348509519 0
1691112838231 0.1150127821613347 0
1691112838232 0.11485652077348361 0
1691112838233 0.1143845756177542 0
1691112838234 0.1138430001026341 0
1691112838236 0.11379313788985986 0
1691112838237 0.11343651740951659 0
1691112838238 0.1130915482629062 0
1691112838240 0.11294257142970168 0
1691112838241 0.11280691523413779 0
1691112838242 0.11255272229667167 0
1691112838243 0.1123460350618196 0
1691112838244 0.11185961651825096 0
1691112838246 0.11151645534989982 0
1691112838247 0.11120543143059694 0
1691112838248 0.11116987949484303 0
1691112838249 0.11094046432775849 0
1691112838251 0.11061385378866083 0
1691112838252 0.11056161326778077 0
1691112838253 0.11025154482702468 0
1691112838254 0.10984828966263711 0
1691112838255 0.10921112958753258 0
1691112838257 0.10896315862438348 0
1691112838258 0.10857790226271775 0
1691112838261 0.10829941155030919 0
1691112838262 0.10806946699004259 0
1691112838267 0.10792407780409086 0
1691112838269 0.10769116824764459 0
1691112838270 0.10744990966327615 0
