1691112869931 0.6630743426194946 0
1691112869932 0.5728392388997514 0
1691112869933 0.4973871555901142 0
1691112869935 0.43693362736175523 0
1691112869936 0.38482133882921804 0
1691112869937 0.34330470339317654 0
1691112869937 0.3087556578350701 0
1691112869938 0.27913913300721777 0
1691112869939 0.2551618842016103 0
1691112869940 0.2345078708352673 0
1691112869941 0.21738231903781918 0
1691112869942 0.2026293884963676 0
1691112869943 0.19037472969717062 0
1691112869944 0.18006067624791958 0
1691112869945 0.1714681602222245 0
1691112869946 0.16442511863817175 0
1691112869947 0.15797776880036166 0
1691112869949 0.15229312371033268 0
1691112869950 0.1467910744972226 0
1691112869951 0.14296833981493307 0
1691112869953 0.13948993915925775 0
1691112869955 0.1363638124447225 0
1691112869956 0.13308760623339477 0
1691112869957 0.13015666015027993 0
1691112869959 0.12799835012791866 0
1691112869962 0.12556857150610887 0
1691112869963 0.12401335583383293 0
1691112869964 0.12241200615030268 0
1691112869964 0.12085615262824331 0
1691112869965 0.11920173405204494 0
1691112869966 0.11765293916947431 0
1691112869967 0.11650685939952055 0
1691112869968 0.11555757708211788 0
1691112869969 0.11469207128851067 0
1691112869970 0.11375603823041244 0
1691112869971 0.11264203548745359 0
1691112869972 0.11172702596345682 0
1691112869973 0.11092787083203226 0
1691112869974 0.11017853010846061 0
1691112869975 0.10963310922100297 0
1691112869976 0.10864918286585741 0
1691112869976 0.10782790615098674 0
1691112869977 0.10721772201870053 0
1691112869978 0.10654434997870829 0
1691112869979 0.10600432305114058 0
1691112869980 0.1054203395470993 0
1691112869981 0.10504561568073323 0
1691112869982 0.1043008611216836 0
1691112869983 0.10387702823536578 0
1691112869984 0.10330362905726469 0
1691112869985 0.10295434959605007 0
1691112869986 0.10258164432972824 0
1691112869987 0.1020368153879129 0
1691112869988 0.10174257630670128 0
1691112869989 0.10163113732172155 0
1691112869990 0.10102128041802894 0
1691112869991 0.10055356045758673 0
1691112869991 0.1004418410620441 0
1691112869992 0.10033159540362567 0
1691112869993 0.09996812826458144 0
1691112869994 0.09972799299705096 0
1691112869995 0.09966184352951837 0
1691112869996 0.09943220731865592 0
1691112869997 0.09894491410095634 0
1691112869999 0.09860021477611265 0
1691112870000 0.09836929538118962 0
1691112870001 0.09816011498860322 0
1691112870003 0.09811283893012607 0
1691112870003 0.09757574568996011 0
1691112870004 0.0972685845393748 0
1691112870006 0.09693973901420723 0
1691112870007 0.09666751541582873 0
1691112870007 0.09651796672776766 0
1691112870008 0.09619184780703702 0
1691112870009 0.09558250280057703 0
1691112870010 0.09500391249884005 0
1691112870011 0.09494800832445817 0
1691112870012 0.0946043361960681 0
1691112870013 0.09431723088298512 0
1691112870013 0.09399331651797369 0
1691112870014 0.09356230344686137 0
1691112870016 0.0935135442087501 0
1691112870017 0.09333182929492344 0
1691112870018 0.09326638247748378 0
1691112870019 0.09277256035338337 0
1691112870020 0.0924055663375982 0
1691112870021 0.09227471350453019 0
1691112870022 0.09201995374871479 0
1691112870023 0.09158126620451437 0
1691112870024 0.09144895234920503 0
1691112870024 0.09103015526440304 0
1691112870025 0.09086775397668591 0
1691112870026 0.09078866692884012 0
1691112870027 0.09075582166196118 0
1691112870028 0.09039092337402704 0
1691112870029 0.09025001126418693 0
1691112870030 0.09013605017010012 0
1691112870031 0.09011312333279416 0
1691112870032 0.08990584593622618 0
1691112870033 0.08953177567669711 0
