1691112814381 0.7138577000024646 0
1691112814382 0.6591483805097342 0
1691112814384 0.6095115956423379 0
1691112814385 0.5653023174961336 0
1691112814386 0.5248091280040341 0
1691112814388 0.48835481266681574 0
1691112814389 0.45459635329628134 0
1691112814391 0.4242817258929474 0
1691112814392 0.39666167495251153 0
1691112814394 0.3716172085091417 0
1691112814395 0.34869125086107655 0
1691112814397 0.32804417449462914 0
1691112814398 0.3092008947862389 0
1691112814400 0.2921252275113368 0
1691112814401 0.27672286083383596 0
1691112814402 0.26264591333534626 0
1691112814404 0.2494587823422981 0
1691112814405 0.2373920492371208 0
1691112814407 0.22660846071559498 0
1691112814408 0.2165925329272135 0
1691112814410 0.20774779558019896 0
1691112814411 0.19960127287173696 0
1691112814412 0.1921223218151089 0
1691112814414 0.1849622009052249 0
1691112814415 0.1783292173162109 0
1691112814416 0.17254949246033693 0
1691112814417 0.16685143399324096 0
1691112814418 0.16186195484385768 0
1691112814419 0.1569633879910284 0
1691112814420 0.15270726794105494 0
1691112814421 0.14853499669003462 0
1691112814422 0.14467660157600676 0
1691112814423 0.1413602433597014 0
1691112814424 0.1379785004683992 0
1691112814425 0.1350069210340404 0
1691112814426 0.13249267364957099 0
1691112814426 0.13008084959883792 0
1691112814427 0.1276513852889913 0
1691112814428 0.12550292195316107 0
1691112814429 0.12353240412122879 0
1691112814430 0.12182547378676228 0
1691112814431 0.12021795950595916 0
1691112814432 0.11849329885033387 0
1691112814432 0.11684183535349911 0
1691112814433 0.1154051303517015 0
1691112814434 0.11403383061491955 0
1691112814435 0.11276913309593918 0
1691112814436 0.11143311092334732 0
1691112814437 0.11012720078866796 0
1691112814437 0.10918566756488937 0
1691112814438 0.10807939792356697 0
1691112814439 0.10691309856102377 0
1691112814440 0.1060017452962494 0
1691112814441 0.10496960855911494 0
1691112814442 0.1040355024578652 0
1691112814443 0.10305268355522046 0
1691112814444 0.10227766824241404 0
1691112814444 0.10158512642430582 0
1691112814445 0.10061423623597662 0
1691112814446 0.09994547959417614 0
1691112814447 0.09941393098824004 0
1691112814448 0.09863143334837098 0
1691112814449 0.09803759164746083 0
1691112814449 0.09747539380242534 0
1691112814450 0.09676883686371426 0
1691112814452 0.09618922869634637 0
1691112814453 0.09550775441384667 0
1691112814455 0.09498436159258022 0
1691112814456 0.0943513860445893 0
1691112814458 0.09383032533149463 0
1691112814459 0.09334485246306058 0
1691112814460 0.09283248434849355 0
1691112814461 0.09230293910707386 0
1691112814461 0.09172856199028556 0
1691112814462 0.09122544238497496 0
1691112814463 0.0905795906688771 0
1691112814464 0.09014818263429368 0
1691112814465 0.08973045347571168 0
1691112814466 0.08937500111104227 0
1691112814466 0.08893235491443446 0
1691112814467 0.08854076154526959 0
1691112814468 0.08810880740607126 0
1691112814469 0.08775161195117329 0
1691112814470 0.08748094063603605 0
1691112814471 0.0870501417781538 0
1691112814472 0.08660955360763543 0
1691112814472 0.08629565630039387 0
1691112814473 0.08586716407899177 0
1691112814474 0.08554680756849287 0
1691112814475 0.08530969924786444 0
1691112814476 0.08503523266198441 0
1691112814477 0.08477389123591736 0
1691112814477 0.08458272391971554 0
1691112814478 0.08419309795503666 0
1691112814479 0.08393963525307294 0
1691112814480 0.08360404315652711 0
1691112814481 0.08335024198114502 0
1691112814482 0.08297329113195002 0
1691112814482 0.08256115265178932 0
1691112814483 0.0824504905656916 0
