1691123852159 0.7618929119451103 0
1691123852160 0.7502030923761318 0
1691123852161 0.7387711123501258 0
1691123852161 0.7276843573935797 0
1691123852162 0.7168124661905891 0
1691123852163 0.7062000981757509 0
1691123852164 0.6956617572523183 0
1691123852165 0.6854585353240547 0
1691123852166 0.6754109897854591 0
1691123852167 0.6657208368602254 0
1691123852168 0.6559426149942259 0
1691123852169 0.6465323681104184 0
1691123852169 0.6372273168122169 0
1691123852170 0.6279656846739877 0
1691123852171 0.6190751412398008 0
1691123852172 0.6102142033535434 0
1691123852173 0.601624084552927 0
1691123852174 0.5930992749976787 0
1691123852175 0.584854583411632 0
1691123852176 0.5766747784225944 0
1691123852177 0.5686602330076042 0
1691123852178 0.560784175176646 0
1691123852179 0.5530200111790685 0
1691123852179 0.5455201653262332 0
1691123852180 0.5380558752983405 0
1691123852181 0.5308229741746578 0
1691123852182 0.5235978485284795 0
1691123852183 0.5165539052107614 0
1691123852184 0.5096759522108053 0
1691123852185 0.5030138869316523 0
1691123852186 0.4965408394160822 0
1691123852187 0.48998732167379366 0
1691123852188 0.4835277265657532 0
1691123852188 0.4773296888724378 0
1691123852189 0.4712537396823123 0
1691123852190 0.46539146836276535 0
1691123852191 0.4594619262826979 0
1691123852192 0.45364335737730044 0
1691123852193 0.44787843903833513 0
1691123852194 0.44228359179252785 0
1691123852195 0.43678874696971987 0
1691123852196 0.4313831825829037 0
1691123852197 0.42604428171804887 0
1691123852198 0.42086630620395316 0
1691123852199 0.4158097479416316 0
1691123852200 0.4108292576739987 0
1691123852201 0.4058890361697775 0
1691123852202 0.40107223228892397 0
1691123852203 0.3962904037867413 0
1691123852204 0.39166415178814257 0
1691123852205 0.38713980593172287 0
1691123852206 0.382633488967795 0
1691123852207 0.37815145985214926 0
1691123852207 0.3738497548967501 0
1691123852208 0.3696279209271238 0
1691123852209 0.36548404144346414 0
1691123852210 0.36131939915661737 0
1691123852211 0.35733637939842305 0
1691123852212 0.353323250918976 0
1691123852213 0.3495706384881366 0
1691123852214 0.34571846940414974 0
1691123852215 0.34202249052118733 0
1691123852216 0.33836106640989416 0
1691123852217 0.33466592435320136 0
1691123852218 0.331108097690796 0
1691123852218 0.32769909669135194 0
1691123852219 0.32419537231882856 0
1691123852220 0.3207363534228838 0
1691123852221 0.317459242819895 0
1691123852222 0.314165209551763 0
1691123852223 0.31105709965336703 0
1691123852224 0.30783434810613985 0
1691123852225 0.30471898172593137 0
1691123852226 0.30157938306981535 0
1691123852227 0.2985601780999763 0
1691123852228 0.2955850083510831 0
1691123852228 0.2927391570661169 0
1691123852229 0.2898946573085782 0
1691123852230 0.28717178447682173 0
1691123852231 0.28443811671514563 0
1691123852232 0.28169492259536816 0
1691123852234 0.2790354698516635 0
1691123852235 0.27658795761456756 0
1691123852235 0.27399844656368505 0
1691123852236 0.27157977842458947 0
1691123852237 0.26908386929844685 0
1691123852238 0.26670284301543895 0
1691123852239 0.2643360007973816 0
1691123852240 0.2619673421375788 0
1691123852241 0.2596823987025278 0
1691123852242 0.25737708521461855 0
1691123852243 0.2551895488411192 0
1691123852244 0.25294640100528604 0
1691123852244 0.250843941353688 0
1691123852245 0.24874776542650348 0
1691123852246 0.24667065673445668 0
1691123852247 0.2446943689591381 0
1691123852248 0.24269383313222365 0
1691123852249 0.2407662771744463 0
1691123852250 0.23889318642930576 0
