1691109426745 0.6681254293074101 0
1691109426746 0.5819934042816176 0
1691109426747 0.5113281118029867 0
1691109426747 0.4524959581695429 0
1691109426748 0.40298955217264204 0
1691109426749 0.36157848549048727 0
1691109426750 0.32696857281174885 0
1691109426750 0.2978389305481215 0
1691109426751 0.2734073047763882 0
1691109426753 0.25323969234671306 0
1691109426753 0.23687273245775137 0
1691109426754 0.2229922055291047 0
1691109426755 0.2098035002101409 0
1691109426756 0.19972579002028276 0
1691109426757 0.19045146743313687 0
1691109426757 0.18302287747823165 0
1691109426758 0.17615187430060375 0
1691109426759 0.1707579278493937 0
1691109426760 0.16579546567774123 0
1691109426760 0.16097217268854097 0
1691109426761 0.15694938861565183 0
1691109426762 0.15357466478545845 0
1691109426763 0.15047750425579742 0
1691109426764 0.14734811055132502 0
1691109426764 0.14503074573664756 0
1691109426765 0.1428518285892459 0
1691109426766 0.14089144087368533 0
1691109426767 0.1392833818418296 0
1691109426767 0.13773290079393258 0
1691109426768 0.13656548485013698 0
1691109426769 0.13540614644967255 0
1691109426770 0.13410297297151005 0
1691109426770 0.13303353186087913 0
1691109426771 0.1321210836256641 0
1691109426772 0.13131556176376025 0
1691109426772 0.13048516673873195 0
1691109426773 0.12983972304209754 0
1691109426774 0.1289452181436052 0
1691109426775 0.12824930373871485 0
1691109426775 0.12759460387205113 0
1691109426776 0.1271121649287342 0
1691109426777 0.12639925812922692 0
1691109426778 0.12597621756705496 0
1691109426778 0.12565187938979136 0
1691109426779 0.12500218002735142 0
1691109426780 0.1240309616629144 0
1691109426781 0.12332842134397146 0
1691109426782 0.12311160758770634 0
1691109426782 0.12254688873287967 0
1691109426783 0.12184778399920644 0
1691109426784 0.1213334524745196 0
1691109426785 0.12107378029760205 0
1691109426785 0.12044822642641499 0
1691109426786 0.12023574204477026 0
1691109426787 0.11996517279818424 0
1691109426787 0.11950906178004564 0
1691109426788 0.11908128340030659 0
1691109426789 0.11893926858563605 0
1691109426790 0.11842136378426935 0
1691109426791 0.11796640403649439 0
1691109426791 0.11762573346110416 0
1691109426792 0.11752478660787789 0
1691109426793 0.11716267820317058 0
1691109426794 0.11705009248240249 0
1691109426794 0.11692837274916265 0
1691109426795 0.11668439847573911 0
1691109426796 0.1162954430182792 0
1691109426797 0.11588434473056197 0
1691109426797 0.11543260435338108 0
1691109426798 0.1151457757364069 0
1691109426799 0.11489712190332367 0
1691109426800 0.11453782309610601 0
1691109426801 0.11445234938502874 0
1691109426801 0.1140379200341383 0
1691109426802 0.11367552025059827 0
1691109426803 0.11345930224959552 0
1691109426803 0.11302038540005493 0
1691109426804 0.11293105105421229 0
1691109426805 0.11260086855330267 0
1691109426805 0.11245428880456429 0
1691109426806 0.11210977244580166 0
1691109426807 0.11158210555966835 0
1691109426808 0.11095417758202998 0
1691109426808 0.11076173549742735 0
1691109426809 0.11048605965164572 0
1691109426810 0.11032470488657352 0
1691109426811 0.11006265658153128 0
1691109426812 0.10959529619233173 0
1691109426812 0.10928316587947141 0
1691109426813 0.10903761059981792 0
1691109426814 0.10899868692112415 0
1691109426815 0.10854565855535417 0
1691109426817 0.10837341763198524 0
1691109426818 0.1083414823961305 0
1691109426819 0.10811464639667558 0
1691109426820 0.10797305630272112 0
1691109426821 0.10770716496927443 0
1691109426822 0.10753589098384143 0
1691109426823 0.10727750682812041 0
1691109426824 0.10694632608533536 0
