1691109435860 0.6704843864280132 0
1691109435861 0.5865904320591012 0
1691109435862 0.51215406330571 0
1691109435863 0.4534643518028414 0
1691109435864 0.40498467462031573 0
1691109435864 0.36513892119768887 0
1691109435865 0.3334949481273702 0
1691109435866 0.3025148118021381 0
1691109435867 0.2768033377962691 0
1691109435867 0.25672692712872086 0
1691109435868 0.2388363766353212 0
1691109435869 0.2246109281693237 0
1691109435870 0.2115385410592569 0
1691109435870 0.20072497289882008 0
1691109435871 0.19139331898361694 0
1691109435872 0.1839724641970559 0
1691109435873 0.17725709573633638 0
1691109435874 0.17127359813682597 0
1691109435874 0.1665303758865265 0
1691109435875 0.16240385608041838 0
1691109435876 0.15855784373215706 0
1691109435877 0.1551431824675795 0
1691109435877 0.15185592532263628 0
1691109435878 0.1489802244913972 0
1691109435879 0.1463301865829507 0
1691109435880 0.1441935967319879 0
1691109435881 0.14222060747831136 0
1691109435882 0.14063802246021298 0
1691109435884 0.13925076896339814 0
1691109435885 0.13772097337073805 0
1691109435885 0.13651577539363846 0
1691109435886 0.1355599741936781 0
1691109435887 0.13465308723863592 0
1691109435888 0.13383314768633117 0
1691109435889 0.13306085789750638 0
1691109435889 0.13214942523882786 0
1691109435890 0.13148448774636343 0
1691109435891 0.1309677809773499 0
1691109435892 0.1300863317148266 0
1691109435892 0.12928141775659027 0
1691109435893 0.12874002536491336 0
1691109435894 0.1282733884851359 0
1691109435895 0.1277265022801495 0
1691109435896 0.12714823585358925 0
1691109435896 0.12665495546351646 0
1691109435898 0.12626419372249373 0
1691109435899 0.1259243350383743 0
1691109435900 0.1253543525303848 0
1691109435902 0.1249961607724419 0
1691109435903 0.12475618622096472 0
1691109435905 0.12457611137368584 0
1691109435906 0.12431726833147379 0
1691109435907 0.12375779795973525 0
1691109435909 0.12360419780482222 0
1691109435910 0.12314080391234695 0
1691109435912 0.12273563932145934 0
1691109435913 0.12234125065160006 0
1691109435915 0.12223108874767837 0
1691109435916 0.12203966218001595 0
1691109435917 0.12178064347232316 0
1691109435918 0.12135865671463082 0
1691109435919 0.12103525349356908 0
1691109435920 0.12073513989352173 0
1691109435921 0.12035434624894921 0
1691109435922 0.11983023544955995 0
1691109435923 0.1196330524437402 0
1691109435924 0.11935767209046577 0
1691109435927 0.11843671871749596 0
1691109435928 0.11825324379272727 0
1691109435929 0.11778739300035981 0
1691109435930 0.11769496409448689 0
1691109435931 0.11752037032155065 0
1691109435932 0.11744984771947786 0
1691109435933 0.1172934528106101 0
1691109435934 0.11712774048646153 0
1691109435935 0.11662100313994986 0
1691109435936 0.11624463634645979 0
1691109435937 0.11551902259111016 0
1691109435938 0.11503671270861023 0
1691109435940 0.11494691986538783 0
1691109435941 0.11470936758993173 0
1691109435942 0.11436727865959526 0
1691109435947 0.11400527836016208 0
1691109435948 0.11384322916470083 0
1691109435951 0.11359468871236096 0
1691109435952 0.11322190933619149 0
1691109435954 0.11294878756810112 0
1691109435955 0.11253400129049337 0
1691109435957 0.11229266676020264 0
1691109435958 0.11194803586003522 0
1691109435960 0.1117017608919917 0
1691109435961 0.11165135880975019 0
1691109435962 0.11131487846898577 0
1691109435963 0.11097927255986077 0
1691109435964 0.1105706349649315 0
1691109435965 0.11033573045355374 0
1691109435965 0.1099947713785883 0
1691109435966 0.10976461094552047 0
1691109435967 0.1095810605024163 0
1691109435968 0.10952076891183693 0
