1691123887777 0.719566326976977 0
1691123887778 0.6705335732694953 0
1691123887779 0.6262026506732952 0
1691123887780 0.5859231810003601 0
1691123887781 0.549468762925979 0
1691123887782 0.5157124288669918 0
1691123887783 0.4851836847059723 0
1691123887784 0.4572841021548568 0
1691123887785 0.43212081372497557 0
1691123887786 0.4082617559529608 0
1691123887787 0.3870727356948308 0
1691123887788 0.36750175609173497 0
1691123887788 0.34917568402499755 0
1691123887789 0.33220329984894864 0
1691123887790 0.3168011025580353 0
1691123887791 0.30279932950555916 0
1691123887792 0.290331436922951 0
1691123887793 0.2786509504316507 0
1691123887794 0.2677159329489858 0
1691123887795 0.258219125600168 0
1691123887796 0.24896287217417942 0
1691123887797 0.24100006088764675 0
1691123887798 0.23335192310524336 0
1691123887799 0.22664098058485638 0
1691123887800 0.219921726032348 0
1691123887801 0.2139780838066112 0
1691123887802 0.20802812870836906 0
1691123887803 0.20301315509953746 0
1691123887804 0.19801653691132595 0
1691123887804 0.19369107617398895 0
1691123887805 0.1894874824832527 0
1691123887807 0.18575919888749273 0
1691123887808 0.18238740720666488 0
1691123887809 0.1788514764705064 0
1691123887810 0.1757233553837278 0
1691123887811 0.17300466374741094 0
1691123887812 0.17039733349715017 0
1691123887813 0.1679274882313377 0
1691123887814 0.16540943065025301 0
1691123887815 0.16307935640692736 0
1691123887817 0.16096487407214316 0
1691123887819 0.1589282419830153 0
1691123887820 0.15717840147764967 0
1691123887822 0.15551121870416526 0
1691123887823 0.15380594254082613 0
1691123887825 0.1522498372099739 0
1691123887826 0.15063641482831802 0
1691123887828 0.1492902124491923 0
1691123887829 0.14797670699795423 0
1691123887830 0.14662012335548155 0
1691123887832 0.145550062475182 0
1691123887833 0.14444771935189302 0
1691123887835 0.14336049462811445 0
1691123887836 0.14214601053720044 0
1691123887838 0.14117190318069467 0
1691123887839 0.14027295475847265 0
1691123887840 0.13943566857162965 0
1691123887842 0.13862850136924848 0
1691123887843 0.137850905568802 0
1691123887844 0.13714934135951465 0
1691123887846 0.13651436748576948 0
1691123887847 0.13588248476349432 0
1691123887849 0.13533808107950598 0
1691123887850 0.13480540953574843 0
1691123887852 0.13420320576374042 0
1691123887857 0.1337037845029479 0
1691123887861 0.13302714309026387 0
1691123887862 0.13256016640229548 0
1691123887864 0.1321206782592353 0
1691123887866 0.13170230480464987 0
1691123887867 0.1311983961178568 0
1691123887871 0.13080608374383978 0
1691123887872 0.13048050080010173 0
1691123887874 0.1301817302999157 0
1691123887875 0.12983028954228665 0
1691123887876 0.1293787539550744 0
1691123887877 0.12911990655955957 0
1691123887878 0.12883542702263545 0
1691123887879 0.12842560825814517 0
1691123887880 0.12796382386773225 0
1691123887881 0.12771915355825475 0
1691123887882 0.12739896236170348 0
1691123887884 0.12712096177568502 0
1691123887885 0.126729429566803 0
1691123887886 0.12632253297656426 0
1691123887887 0.12613169773537436 0
1691123887888 0.1257849770542262 0
1691123887888 0.12542724246378986 0
1691123887889 0.12510161315028634 0
1691123887890 0.12456286037844039 0
1691123887891 0.12426143126879756 0
1691123887892 0.12381212218718078 0
1691123887893 0.12357457116234265 0
1691123887894 0.12315846476915865 0
1691123887896 0.12298733453393888 0
1691123887897 0.12272980861119186 0
1691123887898 0.1223560012491297 0
1691123887899 0.12226202217696151 0
1691123887900 0.12209493712970515 0
1691123887901 0.12198510629328391 0
