1691109451603 0.6550448686864587 0
1691109451604 0.5587813080684997 0
1691109451605 0.48062846376820456 0
1691109451605 0.41644307156499094 0
1691109451606 0.3636744975128655 0
1691109451607 0.3207849989312481 0
1691109451608 0.2857950603977043 0
1691109451608 0.2565871711013405 0
1691109451609 0.2326379594141175 0
1691109451610 0.21211358860210158 0
1691109451611 0.1949305111530377 0
1691109451611 0.18081101206868536 0
1691109451612 0.16903659016694406 0
1691109451613 0.15921969377849737 0
1691109451614 0.15079890604044494 0
1691109451614 0.14262041618578877 0
1691109451615 0.13597488380157988 0
1691109451616 0.13017917522587696 0
1691109451617 0.12539179479394535 0
1691109451618 0.12115579077556186 0
1691109451619 0.1178326315766675 0
1691109451620 0.11478754613340234 0
1691109451620 0.11197878125863908 0
1691109451621 0.10969126552353409 0
1691109451622 0.10757936813810588 0
1691109451623 0.10536438871030152 0
1691109451624 0.10320294944402514 0
1691109451624 0.1016687352666411 0
1691109451625 0.09983596653885866 0
1691109451626 0.09834973405202678 0
1691109451627 0.09688776593804331 0
1691109451627 0.09545349715380332 0
1691109451628 0.09436517387320728 0
1691109451629 0.0932690473025483 0
1691109451630 0.09254899287511548 0
1691109451630 0.09142900068378076 0
1691109451631 0.09070989795527559 0
1691109451632 0.0896696792410904 0
1691109451633 0.08879301483589704 0
1691109451634 0.08764376135557257 0
1691109451634 0.08693395085404568 0
1691109451635 0.08609150821329531 0
1691109451636 0.08535308008050864 0
1691109451637 0.08466907352803302 0
1691109451637 0.08397861513292955 0
1691109451638 0.08332515904154518 0
1691109451639 0.08285558828522532 0
1691109451640 0.08230577518927554 0
1691109451641 0.08184025965087552 0
1691109451641 0.08114636347773917 0
1691109451642 0.08081478125111528 0
1691109451643 0.0804492805367377 0
1691109451644 0.07980256660714807 0
1691109451644 0.07973965860496803 0
1691109451645 0.07943206178420167 0
1691109451646 0.07898219163922297 0
1691109451647 0.07893811861781329 0
1691109451648 0.07868199870131888 0
1691109451648 0.07834019524076445 0
1691109451649 0.0781911278589478 0
1691109451650 0.07765865580542758 0
1691109451650 0.07717271156246382 0
1691109451651 0.07713955361587449 0
1691109451652 0.07665419176593646 0
1691109451653 0.07610258678622064 0
1691109451654 0.07604658212337422 0
1691109451654 0.07587620458037729 0
1691109451655 0.0755824866019695 0
1691109451656 0.07556183490338506 0
1691109451657 0.07526891321273356 0
1691109451657 0.07484397743941745 0
1691109451658 0.07449260193746575 0
1691109451659 0.07432706163277175 0
1691109451660 0.0743091560877348 0
1691109451660 0.07424450450851526 0
1691109451661 0.0736150432454816 0
1691109451662 0.07296375336196993 0
1691109451662 0.07240348562312554 0
1691109451663 0.07233032352752161 0
1691109451664 0.07192257039020684 0
1691109451665 0.07133065982162395 0
1691109451665 0.07098110748561741 0
1691109451666 0.07056475813467114 0
1691109451667 0.07026450824563928 0
1691109451668 0.07024017563163304 0
1691109451668 0.07005715265481671 0
1691109451669 0.07003585308014017 0
1691109451670 0.06992440789802246 0
1691109451672 0.06943419175874793 0
1691109451673 0.06872068035832093 0
1691109451675 0.06828297153282518 0
1691109451677 0.06771201456004466 0
1691109451678 0.06766436500107093 0
1691109451679 0.06711552419547803 0
1691109451679 0.06678033299372349 0
1691109451680 0.06659189229748384 0
1691109451681 0.06644444051022862 0
1691109451682 0.06622982166070482 0
1691109451683 0.0661510180781789 0
1691109451683 0.06590550735714851 0
