1691123930768 0.6789712663712169 0
1691123930769 0.602017648902873 0
1691123930770 0.5390648020637979 0
1691123930770 0.4773810345529353 0
1691123930771 0.43076500239369586 0
1691123930772 0.39400267757893176 0
1691123930773 0.35839638909599575 0
1691123930774 0.3312884593800681 0
1691123930775 0.3062058569137578 0
1691123930776 0.28467849472992357 0
1691123930777 0.26753572150167965 0
1691123930778 0.2535944245844539 0
1691123930779 0.23927536277720235 0
1691123930780 0.2278227443517572 0
1691123930781 0.21918298292291646 0
1691123930782 0.21064868138365922 0
1691123930783 0.2026491962959071 0
1691123930784 0.19587368109857362 0
1691123930785 0.19041158341286427 0
1691123930786 0.18517132641556794 0
1691123930787 0.18061053926472 0
1691123930788 0.17657990841547752 0
1691123930789 0.17303810610444192 0
1691123930790 0.16982126095662903 0
1691123930791 0.1667022852285731 0
1691123930792 0.1640098400499532 0
1691123930793 0.16168223919423003 0
1691123930795 0.15938192725571396 0
1691123930795 0.15753373587471697 0
1691123930796 0.15578391089643978 0
1691123930797 0.15421084102496632 0
1691123930798 0.152914641491403 0
1691123930799 0.15157736780739162 0
1691123930800 0.1505679726443263 0
1691123930801 0.1494427010495647 0
1691123930802 0.14859951599684842 0
1691123930803 0.14760530986170856 0
1691123930804 0.14679007022463905 0
1691123930805 0.14599656725485072 0
1691123930806 0.14534624058244885 0
1691123930807 0.1447116335611095 0
1691123930808 0.1439708497661689 0
1691123930809 0.14325588842465753 0
1691123930810 0.1427653798197795 0
1691123930811 0.1424170753950269 0
1691123930812 0.14186656438113626 0
1691123930813 0.14113534061706007 0
1691123930814 0.14077049987765028 0
1691123930815 0.14046770816733545 0
1691123930816 0.14011803322846275 0
1691123930817 0.13985535128036555 0
1691123930817 0.13960711077015206 0
1691123930818 0.1391988952278825 0
1691123930819 0.13881781161967846 0
1691123930820 0.13849815650437688 0
1691123930821 0.13828248656201 0
1691123930822 0.1374553980800289 0
1691123930823 0.13704982874672095 0
1691123930824 0.13687591474009067 0
1691123930825 0.13659629064622558 0
1691123930826 0.13621990805686143 0
1691123930827 0.13598853385542015 0
1691123930828 0.13581942090273086 0
1691123930829 0.1357170872193254 0
1691123930830 0.13554956745122376 0
1691123930831 0.13533289128888187 0
1691123930832 0.1350018088237962 0
1691123930833 0.13491236990923644 0
1691123930834 0.13477646206488558 0
1691123930835 0.1346516386778086 0
1691123930835 0.13456885314141376 0
1691123930836 0.13413845484281015 0
1691123930837 0.13397342142186616 0
1691123930838 0.13380179148339494 0
1691123930839 0.13354882203389007 0
1691123930840 0.13315239544489443 0
1691123930842 0.13308621306735838 0
1691123930843 0.13293896197812316 0
1691123930844 0.13272755626301883 0
1691123930844 0.13216249175695122 0
1691123930845 0.13203483251612327 0
1691123930846 0.1315796246891716 0
1691123930847 0.13140810426030122 0
1691123930848 0.13125426947608876 0
1691123930849 0.1310073259056441 0
1691123930850 0.13092309141746966 0
1691123930851 0.130862824958297 0
1691123930852 0.1306907547384482 0
1691123930853 0.13042950988639868 0
1691123930854 0.13030840178497297 0
1691123930855 0.13010513208093288 0
1691123930856 0.13003234896949828 0
1691123930857 0.1296857890684814 0
1691123930858 0.12939690940628165 0
1691123930859 0.12917664123813513 0
1691123930860 0.1290470199483379 0
1691123930861 0.1289715146472594 0
1691123930862 0.12882336916000978 0
1691123930863 0.12875307724369028 0
1691123930864 0.12851772910258105 0
