1691123940044 0.6681254293074101 0
1691123940045 0.5819934042816176 0
1691123940046 0.5113281118029867 0
1691123940047 0.4524959581695429 0
1691123940048 0.40298955217264204 0
1691123940049 0.36157848549048727 0
1691123940050 0.326968572811749 0
1691123940051 0.2978389305481216 0
1691123940052 0.2734073047763883 0
1691123940054 0.2532396923467131 0
1691123940055 0.23687273245775145 0
1691123940056 0.2229922055291048 0
1691123940058 0.209803500210141 0
1691123940059 0.19972579002028285 0
1691123940060 0.1904514674331369 0
1691123940062 0.1830228774782317 0
1691123940063 0.1761518743006038 0
1691123940064 0.17075792784939373 0
1691123940066 0.16579546567774125 0
1691123940067 0.160972172688541 0
1691123940068 0.15694938861565189 0
1691123940069 0.1535746647854585 0
1691123940071 0.15047750425579745 0
1691123940072 0.14734811055132507 0
1691123940074 0.14503074573664756 0
1691123940075 0.14285182858924594 0
1691123940076 0.1408914408736854 0
1691123940077 0.13928338184182967 0
1691123940079 0.13773290079393266 0
1691123940080 0.13656548485013706 0
1691123940082 0.13540614644967264 0
1691123940083 0.13410297297151014 0
1691123940085 0.1330335318608792 0
1691123940086 0.13212108362566413 0
1691123940089 0.1313155617637603 0
1691123940091 0.130485166738732 0
1691123940092 0.1298397230420976 0
1691123940094 0.12894521814360524 0
1691123940095 0.12824930373871488 0
1691123940097 0.12759460387205113 0
1691123940098 0.12711216492873417 0
1691123940100 0.12639925812922692 0
1691123940101 0.125976217567055 0
1691123940103 0.12565187938979136 0
1691123940104 0.12500218002735144 0
1691123940106 0.1240309616629144 0
1691123940107 0.12332842134397141 0
1691123940109 0.12311160758770627 0
1691123940110 0.12254688873287967 0
1691123940112 0.12184778399920643 0
1691123940113 0.12133345247451957 0
1691123940115 0.121073780297602 0
1691123940116 0.12044822642641495 0
1691123940119 0.12023574204477025 0
1691123940121 0.1199651727981842 0
1691123940122 0.1195090617800456 0
1691123940124 0.11908128340030658 0
1691123940125 0.11893926858563601 0
1691123940127 0.1184213637842693 0
1691123940128 0.11796640403649435 0
1691123940129 0.11762573346110411 0
1691123940131 0.11752478660787788 0
1691123940132 0.11716267820317054 0
1691123940133 0.11705009248240245 0
1691123940138 0.11692837274916262 0
1691123940140 0.1166843984757391 0
1691123940141 0.11629544301827918 0
1691123940143 0.11588434473056194 0
1691123940144 0.11543260435338108 0
1691123940147 0.11514577573640686 0
1691123940151 0.11489712190332364 0
1691123940154 0.11453782309610598 0
1691123940156 0.11445234938502873 0
1691123940157 0.11403792003413829 0
1691123940158 0.11367552025059825 0
1691123940160 0.11345930224959551 0
1691123940162 0.11302038540005493 0
1691123940163 0.11293105105421228 0
1691123940167 0.11260086855330263 0
1691123940174 0.11245428880456425 0
1691123940176 0.11210977244580164 0
1691123940178 0.11158210555966833 0
1691123940179 0.11095417758202995 0
1691123940181 0.11076173549742734 0
1691123940183 0.11048605965164571 0
1691123940184 0.11032470488657352 0
1691123940185 0.11006265658153126 0
1691123940186 0.10959529619233167 0
1691123940187 0.10928316587947137 0
1691123940188 0.1090376105998179 0
1691123940189 0.10899868692112412 0
1691123940191 0.10854565855535413 0
1691123940192 0.1083734176319852 0
1691123940193 0.10834148239613046 0
1691123940194 0.10811464639667553 0
1691123940195 0.1079730563027211 0
1691123940196 0.10770716496927439 0
1691123940197 0.10753589098384142 0
1691123940198 0.10727750682812041 0
1691123940199 0.1069463260853353 0
