1691123921451 0.7139441137710711 0
1691123921452 0.65975795699313 0
1691123921453 0.610136213662383 0
1691123921454 0.565348830523643 0
1691123921455 0.5247491553548856 0
1691123921456 0.4879573366381146 0
1691123921457 0.45378321587655995 0
1691123921458 0.42347230759777293 0
1691123921459 0.3958192393443208 0
1691123921460 0.3709384473636323 0
1691123921460 0.34846054826472217 0
1691123921461 0.3274484497257666 0
1691123921462 0.3085582917645215 0
1691123921464 0.29158458152622635 0
1691123921465 0.2759748579003416 0
1691123921466 0.2617111628162056 0
1691123921467 0.24846667285575838 0
1691123921468 0.23649461290724208 0
1691123921468 0.22567443531678408 0
1691123921469 0.21575637538142778 0
1691123921470 0.20653204679363085 0
1691123921471 0.1983498091929409 0
1691123921473 0.19079944530697873 0
1691123921474 0.18364277164861126 0
1691123921475 0.1768522630649194 0
1691123921476 0.17074138568910113 0
1691123921476 0.1652112789404936 0
1691123921477 0.16009892082952348 0
1691123921478 0.15526877017661322 0
1691123921479 0.1509568962742656 0
1691123921481 0.14704994694897866 0
1691123921482 0.1434431888644364 0
1691123921483 0.14014667097357333 0
1691123921483 0.13678202134145215 0
1691123921484 0.13409257279184741 0
1691123921485 0.13146586515386438 0
1691123921486 0.12882447232457525 0
1691123921487 0.1265226962421195 0
1691123921489 0.1241148376741107 0
1691123921490 0.12205269401543944 0
1691123921491 0.12011893481563078 0
1691123921492 0.11827930844302106 0
1691123921493 0.11675950471130192 0
1691123921494 0.11525928459683395 0
1691123921495 0.11381392574725963 0
1691123921495 0.11251605899223045 0
1691123921496 0.11113646508832234 0
1691123921497 0.10992961554617992 0
1691123921498 0.10891362579225106 0
1691123921499 0.10767421603823488 0
1691123921500 0.10662762524833799 0
1691123921501 0.1055940641025327 0
1691123921502 0.10480722527262584 0
1691123921503 0.10392595515031686 0
1691123921504 0.10309063633710093 0
1691123921505 0.10231757213586883 0
1691123921506 0.1014076014659862 0
1691123921507 0.10078269603224474 0
1691123921508 0.10009763153983033 0
1691123921509 0.09942870924188518 0
1691123921509 0.09871812669166632 0
1691123921510 0.09808086818281427 0
1691123921511 0.0973888612426235 0
1691123921512 0.0967826302020938 0
1691123921513 0.09615173913355916 0
1691123921514 0.09563748192776417 0
1691123921515 0.09496375227188264 0
1691123921516 0.09435062805718665 0
1691123921517 0.0938733024983323 0
1691123921518 0.09324441514566208 0
1691123921519 0.09267344179013348 0
1691123921520 0.0921516486955278 0
1691123921521 0.09168693225398948 0
1691123921522 0.09123569946493791 0
1691123921523 0.09063554981078237 0
1691123921524 0.0902330589116356 0
1691123921525 0.08985551708527738 0
1691123921526 0.08926418341551348 0
1691123921527 0.08904323956874369 0
1691123921528 0.08878059836534197 0
1691123921529 0.08851287638901509 0
1691123921530 0.08811890517290512 0
1691123921531 0.087836831899801 0
1691123921532 0.08750384591010246 0
1691123921532 0.08717627345982179 0
1691123921533 0.08670393837359373 0
1691123921534 0.08645646469871267 0
1691123921535 0.08597523060813866 0
1691123921536 0.08558256424423552 0
1691123921537 0.08522833716007337 0
1691123921538 0.08497495254259343 0
1691123921539 0.08461332159904876 0
1691123921540 0.08422698107755203 0
1691123921541 0.08374495199680063 0
1691123921542 0.08350096045859912 0
1691123921543 0.0832666043227936 0
1691123921544 0.08307356330143699 0
1691123921545 0.0828180186254144 0
1691123921546 0.0825055071390942 0
1691123921547 0.08232192212125308 0
