1691112766342 0.7616729772370684 0
1691112766343 0.7496951765481006 0
1691112766344 0.7380588102397387 0
1691112766344 0.7265568636881531 0
1691112766345 0.71504697865826 0
1691112766346 0.7038641965947341 0
1691112766347 0.6930194555296895 0
1691112766348 0.6823865865118983 0
1691112766349 0.6720536280472564 0
1691112766350 0.6618308941594623 0
1691112766351 0.6518042837909843 0
1691112766352 0.6419885214132776 0
1691112766353 0.6322554225761041 0
1691112766354 0.6228368182565436 0
1691112766354 0.6134118031869592 0
1691112766355 0.6043331292613973 0
1691112766356 0.5954368562960459 0
1691112766357 0.5866299857484174 0
1691112766358 0.5782421397435007 0
1691112766358 0.5698362622372278 0
1691112766359 0.5614451364681065 0
1691112766360 0.55322039409996 0
1691112766361 0.545173707054327 0
1691112766362 0.5371765882557378 0
1691112766363 0.5294713045331547 0
1691112766364 0.5218548328494216 0
1691112766364 0.5143805772676378 0
1691112766365 0.5069992074157613 0
1691112766366 0.4998371235042281 0
1691112766367 0.4928199446980401 0
1691112766368 0.48590808774032873 0
1691112766368 0.47915006440921143 0
1691112766369 0.4724691833989684 0
1691112766370 0.4659366007631291 0
1691112766371 0.45951443275445175 0
1691112766372 0.45331432754179773 0
1691112766373 0.44717175523218583 0
1691112766373 0.441117269164657 0
1691112766374 0.4352335164924161 0
1691112766375 0.42943236892767783 0
1691112766376 0.4237080928073683 0
1691112766377 0.418085142513773 0
1691112766378 0.4125770799156057 0
1691112766378 0.4071347182708964 0
1691112766379 0.4018349595215762 0
1691112766380 0.3966573074166132 0
1691112766381 0.39159090548004033 0
1691112766382 0.3865732377526533 0
1691112766382 0.3815951533930943 0
1691112766383 0.37672724154630993 0
1691112766384 0.37198976840433734 0
1691112766385 0.3673826105051397 0
1691112766386 0.36281314085482086 0
1691112766387 0.35843692268733257 0
1691112766387 0.35407968620579267 0
1691112766388 0.3497173514017466 0
1691112766389 0.34552216586309076 0
1691112766390 0.34139334336822 0
1691112766391 0.33723357551939437 0
1691112766392 0.3332572191930836 0
1691112766392 0.32936345435063513 0
1691112766393 0.32547176089389274 0
1691112766394 0.3217082003557135 0
1691112766395 0.31797293227948475 0
1691112766396 0.3143210212199523 0
1691112766396 0.3107100809062177 0
1691112766397 0.30715450227466806 0
1691112766398 0.30367072301334846 0
1691112766399 0.3003187539819197 0
1691112766400 0.29704315288405186 0
1691112766400 0.29377610958489775 0
1691112766401 0.29059275689742525 0
1691112766402 0.287532065142532 0
1691112766403 0.28438267139394263 0
1691112766404 0.2813349089646126 0
1691112766405 0.2783575302101502 0
1691112766405 0.2753899123194026 0
1691112766406 0.2725284638988014 0
1691112766407 0.2695904845256325 0
1691112766408 0.2668126158311033 0
1691112766409 0.2640441212927452 0
1691112766409 0.26142802658013875 0
1691112766410 0.25877385194220986 0
1691112766411 0.2561982049523257 0
1691112766412 0.25364562170112265 0
1691112766413 0.25113317922684425 0
1691112766413 0.24862650213229323 0
1691112766414 0.24618821188965956 0
1691112766415 0.24381875754818738 0
1691112766416 0.2414937321225665 0
1691112766417 0.23924978726221943 0
1691112766418 0.23701485787203716 0
1691112766419 0.23485945991503698 0
1691112766420 0.2326821941193298 0
1691112766421 0.23053981123929312 0
1691112766423 0.22848855074201113 0
1691112766424 0.22641711555639596 0
1691112766424 0.22438062219318197 0
1691112766425 0.22227746783420446 0
1691112766426 0.22027733078115247 0
