1691109408680 0.7138960017390801 0
1691109408681 0.6590133315231815 0
1691109408681 0.6095513193246815 0
1691109408682 0.5645840498790805 0
1691109408683 0.5236163825609457 0
1691109408684 0.4865950285643982 0
1691109408684 0.4534968112240806 0
1691109408685 0.423156873459331 0
1691109408686 0.39565990849572086 0
1691109408687 0.3705629840197342 0
1691109408687 0.34774953209447995 0
1691109408688 0.3268837213434082 0
1691109408689 0.3078036941841747 0
1691109408690 0.29066036708065485 0
1691109408691 0.2748612799224981 0
1691109408692 0.2608204248928946 0
1691109408693 0.247898942800043 0
1691109408693 0.23576637889784602 0
1691109408694 0.22501145566995726 0
1691109408695 0.21490299265266347 0
1691109408696 0.20595395736021868 0
1691109408696 0.1975906295887414 0
1691109408697 0.1901079865508429 0
1691109408698 0.18303716284132365 0
1691109408699 0.17667109594340868 0
1691109408699 0.1709488293501838 0
1691109408700 0.16549349254720308 0
1691109408701 0.16035796761393545 0
1691109408702 0.15571483956365906 0
1691109408702 0.15129683730702131 0
1691109408703 0.147162321819427 0
1691109408704 0.14349695362788267 0
1691109408705 0.1402681966611777 0
1691109408705 0.13738919013807568 0
1691109408706 0.13461476372971298 0
1691109408707 0.13199242167767203 0
1691109408708 0.12936529136551445 0
1691109408708 0.12710541660550498 0
1691109408709 0.1249895823256722 0
1691109408710 0.12301475146547874 0
1691109408711 0.12083927865802561 0
1691109408711 0.11903973228628233 0
1691109408712 0.11735016331229703 0
1691109408713 0.11588744142490069 0
1691109408714 0.11456963037041569 0
1691109408714 0.11322284825250299 0
1691109408715 0.11195391915364962 0
1691109408716 0.11084060235590024 0
1691109408717 0.10974956471162951 0
1691109408717 0.10872096438036165 0
1691109408718 0.10770396203179093 0
1691109408719 0.10676877480833384 0
1691109408720 0.10572619893870103 0
1691109408720 0.10484174218283357 0
1691109408721 0.10378093420885076 0
1691109408722 0.10302347480029232 0
1691109408723 0.10235531544861234 0
1691109408723 0.10149021149292975 0
1691109408724 0.1008533801151102 0
1691109408725 0.10034699942018545 0
1691109408726 0.09960620592073821 0
1691109408726 0.09878110128159448 0
1691109408727 0.09808004946528462 0
1691109408728 0.09745717926000858 0
1691109408728 0.09687546954410614 0
1691109408729 0.09620574567865967 0
1691109408730 0.09556483929606156 0
1691109408731 0.09488607726296516 0
1691109408731 0.094324470303325 0
1691109408732 0.09379275027689063 0
1691109408733 0.09317076331947005 0
1691109408734 0.09271938822254304 0
1691109408734 0.09223126511486197 0
1691109408735 0.09181543338324523 0
1691109408736 0.09132291874365067 0
1691109408737 0.09075423187113649 0
1691109408737 0.09029349166104744 0
1691109408738 0.08994395523898692 0
1691109408739 0.08963145205788997 0
1691109408740 0.0892312815285401 0
1691109408740 0.08880583182070767 0
1691109408741 0.08852441229245556 0
1691109408742 0.0880139389406108 0
1691109408743 0.0876219269574665 0
1691109408743 0.0873945108670657 0
1691109408744 0.08696443582686254 0
1691109408745 0.08661230871282177 0
1691109408746 0.08611536457132903 0
1691109408746 0.0858434122877235 0
1691109408747 0.08548186622967062 0
1691109408748 0.08528473759200304 0
1691109408749 0.08510151447634062 0
1691109408749 0.08456017469035101 0
1691109408750 0.08422487160162132 0
1691109408751 0.08381338006403921 0
1691109408752 0.08345989971353043 0
1691109408752 0.08317208972381643 0
1691109408753 0.08276984996642839 0
1691109408754 0.08250373209463559 0
1691109408755 0.08231444904722354 0
