1691109383454 0.7196900467392203 0
1691109383455 0.6705534658153921 0
1691109383456 0.6263730238955951 0
1691109383456 0.5863736085024609 0
1691109383457 0.5500761438675681 0
1691109383458 0.5179372393641195 0
1691109383458 0.48586227727293446 0
1691109383459 0.45806417865712273 0
1691109383460 0.4333529911843973 0
1691109383461 0.40999584460798816 0
1691109383461 0.3879439952354198 0
1691109383462 0.3683786014367634 0
1691109383463 0.35092113400634317 0
1691109383463 0.335392325048184 0
1691109383464 0.31979436686970597 0
1691109383465 0.3056885688098142 0
1691109383466 0.29267297633513695 0
1691109383466 0.2808934349768028 0
1691109383467 0.269529586611227 0
1691109383468 0.26016782313813114 0
1691109383468 0.2509036404801198 0
1691109383469 0.24277239869175204 0
1691109383470 0.2351660335522078 0
1691109383471 0.22826676909654534 0
1691109383472 0.22098545337144582 0
1691109383473 0.2153299402802976 0
1691109383474 0.20973110137833442 0
1691109383474 0.2041062400589362 0
1691109383475 0.1996154352011302 0
1691109383476 0.19498844725519335 0
1691109383477 0.19063152152046353 0
1691109383477 0.18719411504704897 0
1691109383478 0.18331669503681408 0
1691109383479 0.1800310758035655 0
1691109383479 0.1768615407265903 0
1691109383480 0.17410073108333765 0
1691109383481 0.17121366667006893 0
1691109383482 0.16869571659412302 0
1691109383482 0.16634782175044902 0
1691109383483 0.16411202271528566 0
1691109383484 0.16206634389458993 0
1691109383484 0.1601825235862376 0
1691109383485 0.158344765842338 0
1691109383486 0.15664299283482058 0
1691109383487 0.15502714101054066 0
1691109383487 0.15349495792825124 0
1691109383488 0.15205125799203364 0
1691109383489 0.15066112709833054 0
1691109383490 0.14952161487890586 0
1691109383490 0.1483116530478799 0
1691109383491 0.14715121310267207 0
1691109383492 0.14599535614235834 0
1691109383492 0.14503614415654212 0
1691109383493 0.14403225653983331 0
1691109383494 0.14324242747059027 0
1691109383494 0.14236292182894722 0
1691109383495 0.14136423115943517 0
1691109383496 0.14054697098651814 0
1691109383497 0.1398611814070018 0
1691109383497 0.13918971802145352 0
1691109383498 0.13858405753391473 0
1691109383499 0.1378831517469318 0
1691109383500 0.13713210044295118 0
1691109383500 0.13655951412208633 0
1691109383501 0.13600059605437875 0
1691109383502 0.13540660539991495 0
1691109383502 0.1349426104346225 0
1691109383503 0.13448053867938736 0
1691109383504 0.1339503633917482 0
1691109383505 0.13344060269238645 0
1691109383505 0.13297360018836085 0
1691109383506 0.1325644085828413 0
1691109383507 0.13219549178927503 0
1691109383507 0.1317493290788331 0
1691109383508 0.13129999856650992 0
1691109383509 0.13089293390900655 0
1691109383510 0.13056715736128116 0
1691109383510 0.1301593360933924 0
1691109383511 0.12979569063668933 0
1691109383512 0.12952089662679078 0
1691109383513 0.1292669628991366 0
1691109383513 0.12901760883952193 0
1691109383514 0.12876389434232297 0
1691109383515 0.1284933689948794 0
1691109383515 0.12820601272582566 0
1691109383516 0.12796215503840136 0
1691109383517 0.12766561217413852 0
1691109383517 0.12736497787983075 0
1691109383518 0.12702162408417625 0
1691109383519 0.12675117984803683 0
1691109383520 0.1265628730666188 0
1691109383520 0.12636191225451657 0
1691109383521 0.1261290643362843 0
1691109383522 0.12585658721704837 0
1691109383522 0.1257114716079867 0
1691109383523 0.12540113883246373 0
1691109383524 0.12527226918686032 0
1691109383525 0.12509059875051795 0
1691109383525 0.12472583467864665 0
1691109383526 0.12457507926471124 0
