1691112791405 0.7211293321312128 0
1691112791406 0.6738237804574565 0
1691112791407 0.6293249486490351 0
1691112791407 0.5874517950371069 0
1691112791408 0.5503419766042889 0
1691112791409 0.5172982437035071 0
1691112791410 0.4864564307036145 0
1691112791411 0.45759031632158254 0
1691112791412 0.43330133629970746 0
1691112791412 0.4090082755128745 0
1691112791413 0.3883394591702258 0
1691112791414 0.36874355661641883 0
1691112791415 0.35036896070068574 0
1691112791416 0.33458706966317986 0
1691112791417 0.32011775125979075 0
1691112791418 0.306701545624768 0
1691112791419 0.293123500450806 0
1691112791419 0.28166605764188934 0
1691112791420 0.27100422158528875 0
1691112791421 0.2609175408977014 0
1691112791422 0.2510866461100003 0
1691112791423 0.24222466630483977 0
1691112791424 0.23469200632483694 0
1691112791425 0.22794816181462207 0
1691112791426 0.2211287058807535 0
1691112791426 0.21496747748964432 0
1691112791427 0.20901093805798343 0
1691112791428 0.20410018913382033 0
1691112791429 0.1990839963166931 0
1691112791430 0.19450383334879082 0
1691112791431 0.19046913279168107 0
1691112791432 0.1868938024200191 0
1691112791432 0.18331253502020198 0
1691112791433 0.17977336757859955 0
1691112791435 0.17650349128168666 0
1691112791436 0.1738355479578244 0
1691112791436 0.17133150774840786 0
1691112791437 0.1688984242433749 0
1691112791438 0.16656879135805167 0
1691112791439 0.16453139617777143 0
1691112791440 0.16252621534315498 0
1691112791441 0.16032717594378465 0
1691112791441 0.15843516870608085 0
1691112791442 0.1565472544521241 0
1691112791443 0.15475998967083107 0
1691112791444 0.1532370182647029 0
1691112791445 0.151649854774595 0
1691112791446 0.15041555802086173 0
1691112791446 0.14926318278851827 0
1691112791447 0.14801185147204698 0
1691112791448 0.14670852664384032 0
1691112791449 0.14560317232145212 0
1691112791450 0.14462203198520449 0
1691112791450 0.1437055030937759 0
1691112791451 0.14269070559823727 0
1691112791452 0.14183598427615968 0
1691112791453 0.1408644766384608 0
1691112791454 0.14006302283583522 0
1691112791455 0.1393996692243981 0
1691112791456 0.13872018982162795 0
1691112791456 0.1380793950947597 0
1691112791457 0.1374417083422191 0
1691112791458 0.1365265469671867 0
1691112791459 0.13598297925840627 0
1691112791460 0.1354472207015299 0
1691112791460 0.13485856424708068 0
1691112791461 0.13443640336714743 0
1691112791462 0.13389846001539027 0
1691112791463 0.13346322860450358 0
1691112791464 0.133051479704819 0
1691112791465 0.1323541035798486 0
1691112791465 0.13184348471697155 0
1691112791466 0.13146586006667293 0
1691112791467 0.13113060896018122 0
1691112791468 0.13082840636546672 0
1691112791469 0.13049684648220228 0
1691112791470 0.12988131312794446 0
1691112791470 0.1295735076390982 0
1691112791471 0.12927486246854458 0
1691112791472 0.128885723605366 0
1691112791473 0.12860688358142677 0
1691112791474 0.12829964371970645 0
1691112791474 0.12805889219354252 0
1691112791475 0.12771807995282458 0
1691112791476 0.1273927758974792 0
1691112791477 0.12713498738905424 0
1691112791478 0.12686758584519797 0
1691112791479 0.12654164346239324 0
1691112791480 0.12623546503204483 0
1691112791481 0.12599560105672225 0
1691112791482 0.12580676316610842 0
1691112791483 0.12546551473653517 0
1691112791483 0.12517024095108553 0
1691112791484 0.12490961896974365 0
1691112791485 0.12475706593653721 0
1691112791486 0.12461090140140647 0
1691112791487 0.12437440943834575 0
1691112791488 0.12406609914194042 0
1691112791488 0.12392498476742086 0
1691112791489 0.12379947646027026 0
