1691112733432 0.7629623043374774 0
1691112733433 0.7521089086366435 0
1691112733433 0.7412087642672872 0
1691112733434 0.7307637914166343 0
1691112733435 0.7203881150271482 0
1691112733436 0.7103950789470431 0
1691112733437 0.700560919566141 0
1691112733437 0.6909311827104411 0
1691112733438 0.6814632403847765 0
1691112733439 0.6721806575020547 0
1691112733440 0.6629033468241995 0
1691112733441 0.6540197775939708 0
1691112733442 0.6451458406306885 0
1691112733442 0.636316078387433 0
1691112733443 0.6279470830219329 0
1691112733444 0.6196770356236319 0
1691112733445 0.6112422937311358 0
1691112733446 0.6033113208469029 0
1691112733446 0.5955548691206268 0
1691112733447 0.5875791118892912 0
1691112733448 0.5800908522339879 0
1691112733449 0.572717411677145 0
1691112733450 0.5652923222887148 0
1691112733451 0.5582057008653715 0
1691112733451 0.5513425211769273 0
1691112733452 0.5445487719546902 0
1691112733453 0.5378331548013547 0
1691112733454 0.5310576879720632 0
1691112733455 0.5245956695401126 0
1691112733455 0.5182612871209434 0
1691112733456 0.5120578603639169 0
1691112733457 0.5061272241672597 0
1691112733458 0.5001948782271579 0
1691112733459 0.4943097205593142 0
1691112733459 0.4887040626928322 0
1691112733460 0.4829300771931546 0
1691112733461 0.47746230832921566 0
1691112733462 0.47205170695513904 0
1691112733463 0.466493347562495 0
1691112733463 0.46089150758020847 0
1691112733464 0.4555601203068594 0
1691112733465 0.4504182513229555 0
1691112733466 0.44513162734785067 0
1691112733467 0.44014763158589437 0
1691112733467 0.43526033213950266 0
1691112733468 0.43021552648842654 0
1691112733469 0.4255608747688725 0
1691112733470 0.42088509923313433 0
1691112733471 0.4163491268522917 0
1691112733472 0.41189614158375065 0
1691112733473 0.40745163935531004 0
1691112733474 0.40312185890175734 0
1691112733475 0.39895747213169247 0
1691112733476 0.39478040869308334 0
1691112733476 0.39069088519588435 0
1691112733477 0.3866300768177116 0
1691112733478 0.3827717943680265 0
1691112733479 0.378753279461874 0
1691112733480 0.37482524947009493 0
1691112733480 0.3710939980267578 0
1691112733481 0.36741092401151376 0
1691112733482 0.36371915837510543 0
1691112733483 0.3600677739581647 0
1691112733484 0.3564568408442257 0
1691112733484 0.3529644875330442 0
1691112733485 0.34957618932352297 0
1691112733486 0.34620704386197404 0
1691112733487 0.3430160629509339 0
1691112733488 0.33988183556610607 0
1691112733489 0.3367808732916907 0
1691112733490 0.33358066764429756 0
1691112733492 0.33039693105935186 0
1691112733493 0.32741901225702424 0
1691112733494 0.324469859862902 0
1691112733495 0.3214435442758119 0
1691112733495 0.3186462421512692 0
1691112733496 0.31583240767655996 0
1691112733497 0.31303036343419116 0
1691112733498 0.3103589881511584 0
1691112733499 0.30759986418306506 0
1691112733500 0.3049852143556927 0
1691112733500 0.3023850628635931 0
1691112733501 0.2997820974876462 0
1691112733502 0.2973521694191519 0
1691112733504 0.2948121131308614 0
1691112733504 0.2923226039627078 0
1691112733505 0.2898860103157212 0
1691112733506 0.2875726182355903 0
1691112733507 0.2852170684988485 0
1691112733508 0.2829463487297388 0
1691112733509 0.28075457314862207 0
1691112733510 0.2785116497953733 0
1691112733510 0.27631203210531735 0
1691112733511 0.27417518143619124 0
1691112733512 0.2721885632295988 0
1691112733513 0.27009724073675695 0
1691112733514 0.2680283114508086 0
1691112733514 0.26601620071630994 0
1691112733515 0.2641354189179955 0
1691112733516 0.2621902323847299 0
