1691112847009 0.6689741441530669 0
1691112847011 0.5842117246186294 0
1691112847012 0.5124207128843841 0
1691112847015 0.45387802568092267 0
1691112847022 0.4059435440680267 0
1691112847024 0.36641274954774156 0
1691112847025 0.3294772302022201 0
1691112847035 0.3003409106777307 0
1691112847037 0.2749146942995917 0
1691112847038 0.25514650907620867 0
1691112847040 0.23802696048235544 0
1691112847041 0.22367984615987055 0
1691112847043 0.21093162879408586 0
1691112847047 0.20107041315862945 0
1691112847049 0.19229750454480335 0
1691112847055 0.18424580611985922 0
1691112847057 0.17789300838494682 0
1691112847058 0.17208963569431357 0
1691112847063 0.16701991294242294 0
1691112847065 0.1625512528001116 0
1691112847070 0.1583348010430022 0
1691112847072 0.15483874605452708 0
1691112847074 0.1520941999639009 0
1691112847083 0.1492685273666654 0
1691112847085 0.14716989704825362 0
1691112847086 0.14515518170729733 0
1691112847088 0.14304411759768093 0
1691112847089 0.14121800883013397 0
1691112847091 0.13973305962811716 0
1691112847103 0.1382347089250559 0
1691112847105 0.13713584838249823 0
1691112847106 0.1351748720429334 0
1691112847110 0.1342434900090376 0
1691112847112 0.1331073661134222 0
1691112847114 0.13225538676411425 0
1691112847115 0.13128880913503885 0
1691112847123 0.13060067215946347 0
1691112847125 0.1300279539063693 0
1691112847127 0.1294532272510748 0
1691112847129 0.12881091368277095 0
1691112847139 0.1281833843326641 0
1691112847141 0.12771747139383974 0
1691112847142 0.12715541313713033 0
1691112847144 0.12668515751889645 0
1691112847145 0.126398604093754 0
1691112847147 0.125852907777828 0
1691112847149 0.12542881668010036 0
1691112847154 0.12477495198047653 0
1691112847156 0.12457801448469767 0
1691112847158 0.12411249970245011 0
1691112847167 0.12389188107852861 0
1691112847169 0.1237286609111786 0
1691112847170 0.12330017425741979 0
1691112847172 0.12317886573944284 0
1691112847173 0.12279442899449934 0
1691112847175 0.12217755472173401 0
1691112847184 0.12200373403252313 0
1691112847186 0.12188455063550445 0
1691112847187 0.12137796540678565 0
1691112847189 0.12088618293993558 0
1691112847190 0.12078256104784903 0
1691112847199 0.12019674824083533 0
1691112847201 0.1200686829050491 0
1691112847202 0.11923708383382868 0
1691112847204 0.11916572298419766 0
1691112847205 0.11865851868058024 0
1691112847207 0.11846729469602806 0
1691112847211 0.1182540514340758 0
1691112847213 0.11799261389476776 0
1691112847216 0.11790190352593974 0
1691112847220 0.11724938789417919 0
1691112847231 0.11687881227104197 0
1691112847233 0.11652199390548881 0
1691112847234 0.11643551791029214 0
1691112847236 0.11589199041890312 0
1691112847237 0.11574415362155498 0
1691112847239 0.11541800036050148 0
1691112847241 0.11502551428291363 0
1691112847247 0.11476478096328362 0
1691112847249 0.11461187879903077 0
1691112847250 0.1139707340223183 0
1691112847252 0.11382889414783874 0
1691112847259 0.11360717359158273 0
1691112847261 0.1132429600281547 0
1691112847262 0.11308534077454062 0
1691112847264 0.1128830712518233 0
1691112847267 0.1123988025271518 0
1691112847275 0.11209859797983333 0
1691112847277 0.11191883898576367 0
1691112847278 0.11145858974865092 0
1691112847280 0.11125010344536702 0
1691112847281 0.11120677781636316 0
1691112847291 0.11094220899469587 0
1691112847293 0.11064183286855135 0
1691112847294 0.11030265553985698 0
1691112847296 0.10985991867635807 0
1691112847297 0.10948407414778231 0
1691112847299 0.10919869508883066 0
1691112847307 0.10915725021492988 0
1691112847309 0.1086470848381033 0
