1691112746324 0.761951559393156 0
1691112746325 0.7503472955337093 0
1691112746326 0.7389618424220821 0
1691112746327 0.7280460628299039 0
1691112746328 0.7170945510501434 0
1691112746329 0.7063345201075953 0
1691112746331 0.6957852254047173 0
1691112746332 0.6856545960352792 0
1691112746333 0.6755733064047553 0
1691112746334 0.6656387253848717 0
1691112746336 0.6558370025178204 0
1691112746337 0.6462364943689709 0
1691112746338 0.6367590547522017 0
1691112746339 0.6276722141873085 0
1691112746341 0.6185754569453807 0
1691112746342 0.6098332373894034 0
1691112746343 0.6012120981701622 0
1691112746344 0.5926615910683072 0
1691112746345 0.5845313726157819 0
1691112746346 0.5762796431447085 0
1691112746346 0.5681672241030168 0
1691112746347 0.5602994049492472 0
1691112746348 0.5525803827530539 0
1691112746349 0.5450090439786127 0
1691112746350 0.5376256182272262 0
1691112746351 0.5303495157880087 0
1691112746351 0.523178575541052 0
1691112746352 0.5160865895422003 0
1691112746353 0.5091943603997604 0
1691112746354 0.5024551809458503 0
1691112746355 0.495889117468918 0
1691112746355 0.4894690003514573 0
1691112746356 0.48310945369453295 0
1691112746357 0.4768410731961382 0
1691112746358 0.47054803326389055 0
1691112746359 0.46452435196832564 0
1691112746359 0.4585945851781769 0
1691112746360 0.45269305117326303 0
1691112746361 0.44693730310777513 0
1691112746362 0.44127855558571666 0
1691112746364 0.4356907717296299 0
1691112746365 0.4303184205129768 0
1691112746366 0.42504550053858076 0
1691112746367 0.4199133455171999 0
1691112746369 0.41483095825762983 0
1691112746370 0.40986332676634324 0
1691112746371 0.404978646839383 0
1691112746373 0.40015035762309514 0
1691112746374 0.3953673969765043 0
1691112746375 0.39069957052397203 0
1691112746376 0.3861553455611165 0
1691112746378 0.3816585505705759 0
1691112746379 0.37728632473413093 0
1691112746380 0.3729651801745735 0
1691112746382 0.3687156322809267 0
1691112746383 0.3645126025256143 0
1691112746384 0.36034808858123635 0
1691112746385 0.3564040681262331 0
1691112746387 0.35246361844161644 0
1691112746388 0.3486149027482989 0
1691112746389 0.34481733078150095 0
1691112746391 0.34117530613026137 0
1691112746392 0.337524321085194 0
1691112746393 0.3339371551786849 0
1691112746394 0.3304215764635433 0
1691112746396 0.32689501642044005 0
1691112746397 0.3234291012806968 0
1691112746398 0.32010095208504863 0
1691112746399 0.31682756182326427 0
1691112746400 0.313602993321931 0
1691112746402 0.3105080251270753 0
1691112746403 0.30740068879481974 0
1691112746404 0.3042086383169088 0
1691112746406 0.30113263572668547 0
1691112746407 0.2981220651300323 0
1691112746408 0.2952488569600044 0
1691112746409 0.2923748781254907 0
1691112746411 0.28961206941753725 0
1691112746412 0.28679251254280536 0
1691112746413 0.28400920517770084 0
1691112746414 0.2812309138031433 0
1691112746415 0.27863671139320473 0
1691112746417 0.2760512204765369 0
1691112746418 0.2734270262790281 0
1691112746419 0.2709306615692501 0
1691112746421 0.2685159274184164 0
1691112746422 0.2661308156422748 0
1691112746423 0.263749674005949 0
1691112746424 0.2613972977498005 0
1691112746426 0.25903999290057916 0
1691112746427 0.2568386625039449 0
1691112746429 0.25461940181483167 0
1691112746430 0.2523927178708353 0
1691112746432 0.2503096270052187 0
1691112746433 0.24818382250414334 0
1691112746435 0.24615351275909886 0
1691112746436 0.24412197620748627 0
1691112746438 0.24217558514491555 0
1691112746439 0.2402264679032438 0
1691112746441 0.2383258688242705 0
