1691123924656 0.7135409149459461 0
1691123924657 0.6597448849383754 0
1691123924658 0.6104602867084081 0
1691123924659 0.5663963294701686 0
1691123924660 0.5262805304887771 0
1691123924661 0.48885868546967454 0
1691123924662 0.4553277604231128 0
1691123924663 0.42507288817631866 0
1691123924664 0.3974703984925517 0
1691123924665 0.3724637675258325 0
1691123924666 0.34982477457984446 0
1691123924667 0.3288545187242506 0
1691123924668 0.30982315871009614 0
1691123924669 0.29274331866156844 0
1691123924670 0.27728362546993873 0
1691123924670 0.26297627037928595 0
1691123924671 0.25004055981839746 0
1691123924673 0.23840733098986355 0
1691123924674 0.2278403635815551 0
1691123924675 0.21776997204256443 0
1691123924676 0.20832655467798006 0
1691123924677 0.19948554520517472 0
1691123924678 0.19197844096476394 0
1691123924679 0.18471799170367273 0
1691123924680 0.1782572903273148 0
1691123924681 0.17237578702914916 0
1691123924682 0.1667940049689608 0
1691123924683 0.1616102941215335 0
1691123924684 0.15700527047720816 0
1691123924685 0.15247280381131803 0
1691123924687 0.1484339780341079 0
1691123924688 0.14491802430579065 0
1691123924689 0.1416226655239257 0
1691123924690 0.1382794804075293 0
1691123924691 0.13512449880933955 0
1691123924692 0.1324856708066271 0
1691123924693 0.12994030320692296 0
1691123924694 0.127571801511502 0
1691123924695 0.12538558867539085 0
1691123924695 0.1233493847503242 0
1691123924696 0.12131997881276961 0
1691123924697 0.11962941520165493 0
1691123924698 0.11802501362735328 0
1691123924699 0.11663492125310626 0
1691123924700 0.11529321011912265 0
1691123924701 0.11382771759675188 0
1691123924702 0.11267541735646153 0
1691123924703 0.11162781039249237 0
1691123924704 0.11048133241540113 0
1691123924705 0.10931087387782112 0
1691123924706 0.10829872906193365 0
1691123924707 0.10731300274806599 0
1691123924708 0.10640585858001765 0
1691123924709 0.10556580868125352 0
1691123924710 0.10469269832356802 0
1691123924711 0.10392398213617172 0
1691123924712 0.10316305007429628 0
1691123924713 0.10243209826954863 0
1691123924714 0.10162939989682365 0
1691123924715 0.10099991898743801 0
1691123924715 0.10021160044048615 0
1691123924716 0.09959099161581103 0
1691123924717 0.09887843570841341 0
1691123924718 0.09819423051555358 0
1691123924719 0.09753588179216517 0
1691123924720 0.09682757808963877 0
1691123924721 0.0961087589621743 0
1691123924722 0.0955253324453026 0
1691123924723 0.09494239200189036 0
1691123924724 0.09435756586726995 0
1691123924725 0.09393448713674793 0
1691123924726 0.09341949519218384 0
1691123924727 0.09301653985795219 0
1691123924728 0.09255418435785095 0
1691123924729 0.09216161746431104 0
1691123924730 0.09178316304018518 0
1691123924731 0.091433126666421 0
1691123924732 0.09097635722165458 0
1691123924733 0.09042080529247028 0
1691123924734 0.08975476425447879 0
1691123924735 0.08939494551410904 0
1691123924736 0.08899474092696784 0
1691123924737 0.08860498974873998 0
1691123924738 0.08816498392588223 0
1691123924739 0.08784186774111392 0
1691123924740 0.08749162456783524 0
1691123924741 0.08716421070338663 0
1691123924742 0.08671265739380402 0
1691123924743 0.08628891054299441 0
1691123924744 0.08591816591494271 0
1691123924745 0.08568395454015383 0
1691123924746 0.08521738026655341 0
1691123924746 0.08499477885451917 0
1691123924747 0.08460084621139095 0
1691123924748 0.08423682880345125 0
1691123924749 0.08374436679241917 0
1691123924750 0.08357473129016343 0
1691123924751 0.08322221959882571 0
1691123924752 0.08300475818205864 0
1691123924753 0.08274320884465676 0
