1691109439241 0.6602174621412694 0
1691109439242 0.5681809388971892 0
1691109439243 0.4926496819303026 0
1691109439244 0.4312047125401388 0
1691109439244 0.3805313510694318 0
1691109439245 0.33893418835976524 0
1691109439246 0.304505194424696 0
1691109439247 0.2750705967086677 0
1691109439248 0.25085746993380953 0
1691109439248 0.23138768171571225 0
1691109439249 0.21415716848014807 0
1691109439250 0.19986363225312204 0
1691109439251 0.18828322363131206 0
1691109439251 0.1775705411470064 0
1691109439252 0.1689873600081956 0
1691109439253 0.16116392895804899 0
1691109439254 0.15514256888737366 0
1691109439254 0.1493565297820188 0
1691109439255 0.14496879136408028 0
1691109439256 0.14108418099384867 0
1691109439257 0.13734460315163738 0
1691109439258 0.1342512789535909 0
1691109439259 0.13077950446010903 0
1691109439260 0.127972120013041 0
1691109439262 0.1258073461980323 0
1691109439263 0.12312712130523316 0
1691109439264 0.12131028489995173 0
1691109439265 0.11963001114862598 0
1691109439266 0.11823252416134937 0
1691109439267 0.11644590568904903 0
1691109439268 0.11519349461347948 0
1691109439268 0.11386645620523178 0
1691109439269 0.11299637813230043 0
1691109439270 0.11203931223857314 0
1691109439271 0.11076124939966409 0
1691109439271 0.1098393673034008 0
1691109439272 0.10900141989518157 0
1691109439273 0.10814147935323362 0
1691109439274 0.10722201897477515 0
1691109439274 0.10649913982128972 0
1691109439275 0.1060337928064102 0
1691109439276 0.10546452348514486 0
1691109439277 0.10490667796076578 0
1691109439278 0.10426222308364727 0
1691109439278 0.10378931535803657 0
1691109439279 0.10337391338419784 0
1691109439280 0.10280646160121905 0
1691109439281 0.10225554909217853 0
1691109439282 0.10168444299757128 0
1691109439282 0.10106029009955167 0
1691109439283 0.10042818108274909 0
1691109439284 0.10006689572970887 0
1691109439285 0.09995545773809207 0
1691109439285 0.09956084807246364 0
1691109439286 0.09923082727967758 0
1691109439287 0.09914662898572679 0
1691109439288 0.09868264951435375 0
1691109439289 0.09795000494180571 0
1691109439289 0.09788530034504989 0
1691109439290 0.09759483426767541 0
1691109439291 0.09753406124128089 0
1691109439292 0.09698386994306774 0
1691109439292 0.09654609134192599 0
1691109439293 0.09614971458467261 0
1691109439294 0.09602929373621948 0
1691109439295 0.09598234520945546 0
1691109439295 0.09554354714345067 0
1691109439296 0.09545687079030636 0
1691109439297 0.09529128235599335 0
1691109439298 0.09521309902822296 0
1691109439299 0.09513209765610023 0
1691109439299 0.09457746925788427 0
1691109439300 0.09450611822536079 0
1691109439301 0.0944329158427379 0
1691109439302 0.09393903524267791 0
1691109439302 0.09384514452674793 0
1691109439303 0.09352765736730201 0
1691109439304 0.0931464698702975 0
1691109439305 0.0927671304158621 0
1691109439306 0.09264266232452338 0
1691109439306 0.09214408033604231 0
1691109439307 0.09172115856583718 0
1691109439308 0.0915777071322088 0
1691109439309 0.09146434286632112 0
1691109439310 0.0913965040153497 0
1691109439310 0.09100928224261236 0
1691109439311 0.09080469118529524 0
1691109439312 0.0901907003026148 0
1691109439313 0.08986525332817012 0
1691109439314 0.08956890810228446 0
1691109439315 0.08955314605423163 0
1691109439316 0.08930380594370728 0
1691109439317 0.08878134987220135 0
1691109439318 0.08848196214045366 0
1691109439318 0.08795167774715525 0
1691109439319 0.08756327017919892 0
1691109439320 0.0870631128364141 0
1691109439321 0.08679767439138412 0
1691109439321 0.08641009444922657 0
1691109439322 0.0863934964719439 0
