1691112749821 0.7619549871045839 0
1691112749822 0.7503871596202908 0
1691112749823 0.7390538564546308 0
1691112749823 0.7278912302377811 0
1691112749824 0.7170248841786553 0
1691112749825 0.706423900980223 0
1691112749826 0.695881478782681 0
1691112749827 0.6857014888285277 0
1691112749828 0.675556709296444 0
1691112749828 0.6657170304221506 0
1691112749829 0.6560997835024093 0
1691112749830 0.6467812671346413 0
1691112749831 0.6374084060252996 0
1691112749832 0.6283326964538994 0
1691112749833 0.6193070811710899 0
1691112749834 0.6104903138249896 0
1691112749835 0.6019369588213342 0
1691112749836 0.5936102374182318 0
1691112749837 0.585193350682083 0
1691112749837 0.5769310808834709 0
1691112749838 0.5688264661496696 0
1691112749839 0.5608902808032433 0
1691112749840 0.5532730858408637 0
1691112749841 0.5457533765066899 0
1691112749842 0.5382965934224851 0
1691112749842 0.530988705541375 0
1691112749843 0.523724724710607 0
1691112749844 0.5167939937745769 0
1691112749845 0.5099745745292525 0
1691112749846 0.5032555417456243 0
1691112749846 0.4965720179359371 0
1691112749847 0.48995202186727904 0
1691112749848 0.4835849878243454 0
1691112749849 0.4773137338023185 0
1691112749850 0.4711907505707121 0
1691112749850 0.4650988220008443 0
1691112749851 0.45911373798075883 0
1691112749852 0.4534313446619817 0
1691112749853 0.44784338841811877 0
1691112749854 0.44227624763619094 0
1691112749855 0.43689410073861207 0
1691112749856 0.43156238934118474 0
1691112749857 0.42623553555885413 0
1691112749858 0.42097737721267864 0
1691112749859 0.4159488312469589 0
1691112749859 0.41091954599545133 0
1691112749860 0.4058772910087091 0
1691112749861 0.4010049703035427 0
1691112749862 0.39644867484050883 0
1691112749863 0.3918292306826037 0
1691112749864 0.38727211548075297 0
1691112749864 0.3827893513409315 0
1691112749865 0.37828942618294603 0
1691112749866 0.37408313590141545 0
1691112749867 0.3697779685464906 0
1691112749868 0.3656272917442349 0
1691112749868 0.36146243077129436 0
1691112749869 0.3575311266757446 0
1691112749870 0.353645147423874 0
1691112749871 0.34978365678419393 0
1691112749872 0.34607347679645045 0
1691112749872 0.34243325787752626 0
1691112749873 0.3387725560470471 0
1691112749874 0.33517883085253697 0
1691112749875 0.33156762421205815 0
1691112749876 0.3280751609379238 0
1691112749876 0.32463684348014427 0
1691112749877 0.32125608308962367 0
1691112749878 0.31781973310920963 0
1691112749879 0.3144795865588842 0
1691112749880 0.31124053090607123 0
1691112749880 0.30810121454905975 0
1691112749881 0.30508623718038475 0
1691112749882 0.302060307180157 0
1691112749883 0.299159835316579 0
1691112749884 0.29623536734223016 0
1691112749884 0.2932594790910995 0
1691112749885 0.2904206969279778 0
1691112749886 0.2876187049907499 0
1691112749887 0.28481960089830616 0
1691112749888 0.28214551211528077 0
1691112749888 0.27945988162051094 0
1691112749889 0.27683091398133874 0
1691112749890 0.27433038971642343 0
1691112749891 0.2717840955997626 0
1691112749892 0.26930167922040665 0
1691112749892 0.26692254174378205 0
1691112749893 0.26462469242299813 0
1691112749894 0.26239474249663164 0
1691112749895 0.26003589488096085 0
1691112749896 0.25775210564723106 0
1691112749897 0.2555491161399427 0
1691112749898 0.2534024075911055 0
1691112749899 0.25123996896748874 0
1691112749899 0.24918675456157952 0
1691112749900 0.24707789930551663 0
1691112749901 0.2450760025104968 0
1691112749902 0.24308858544769743 0
1691112749903 0.24111019603967332 0
1691112749903 0.23913230331852256 0
