1691109353019 0.7613510526257441 0
1691109353020 0.7491617462125659 0
1691109353021 0.7372148877001735 0
1691109353021 0.725514346791477 0
1691109353022 0.7140463167636433 0
1691109353023 0.7028062409549357 0
1691109353023 0.691785364744589 0
1691109353024 0.6809835888549496 0
1691109353025 0.6704087886512863 0
1691109353026 0.6600246053536847 0
1691109353026 0.6498546256143416 0
1691109353027 0.6398994011666694 0
1691109353028 0.630125776000148 0
1691109353029 0.6205412171194429 0
1691109353029 0.6111523599159442 0
1691109353030 0.6019600434099102 0
1691109353031 0.5929316078022023 0
1691109353031 0.5840744450742393 0
1691109353032 0.5753897484562175 0
1691109353033 0.5668900902423154 0
1691109353033 0.5585394828905489 0
1691109353034 0.5503397766901446 0
1691109353035 0.542326832191101 0
1691109353036 0.5344497078125185 0
1691109353036 0.5267158073381769 0
1691109353037 0.5191289686437005 0
1691109353038 0.5117049022011758 0
1691109353038 0.5044122140012532 0
1691109353039 0.497258227448076 0
1691109353040 0.490265687826475 0
1691109353041 0.48336022277567725 0
1691109353042 0.4765797157505198 0
1691109353042 0.46996353467809904 0
1691109353043 0.463491790144286 0
1691109353044 0.45711787229536033 0
1691109353045 0.4508414245761097 0
1691109353045 0.4447007712809222 0
1691109353046 0.43867325754262154 0
1691109353047 0.43276356840488805 0
1691109353047 0.4269445080753261 0
1691109353048 0.42127458220740066 0
1691109353049 0.4156723633123547 0
1691109353050 0.41023610289989465 0
1691109353050 0.4048363993301352 0
1691109353051 0.39958730315383323 0
1691109353052 0.394417085220893 0
1691109353052 0.3893236810180459 0
1691109353053 0.3843444304776038 0
1691109353054 0.3794622395994978 0
1691109353055 0.3747035191330369 0
1691109353055 0.3699805296966753 0
1691109353056 0.36536361912523907 0
1691109353057 0.36086250968284184 0
1691109353057 0.35641379430430653 0
1691109353058 0.35205288808254 0
1691109353059 0.34776341719879855 0
1691109353060 0.3435484416536445 0
1691109353061 0.3394451436063301 0
1691109353061 0.33540528670681957 0
1691109353062 0.33145269587546 0
1691109353063 0.32756187688026206 0
1691109353063 0.3237436892450443 0
1691109353064 0.3200037427273808 0
1691109353065 0.31633260548128533 0
1691109353066 0.3127305999294199 0
1691109353066 0.30921516612156635 0
1691109353067 0.3057357692565374 0
1691109353068 0.3023302108440066 0
1691109353068 0.2989982217326051 0
1691109353069 0.2957258989327737 0
1691109353070 0.29250416510784316 0
1691109353071 0.28932824452143685 0
1691109353071 0.28624437804758 0
1691109353072 0.2832122136282203 0
1691109353073 0.2802245286427122 0
1691109353073 0.277226135838523 0
1691109353074 0.274299580530788 0
1691109353075 0.2714800250241026 0
1691109353076 0.2686573447470462 0
1691109353076 0.26595814483886915 0
1691109353077 0.2632811374260617 0
1691109353078 0.26058809948843253 0
1691109353079 0.258026770466372 0
1691109353079 0.25543855407681965 0
1691109353080 0.25290821687402 0
1691109353081 0.2504121860422286 0
1691109353081 0.24797536265315576 0
1691109353082 0.24558391856694003 0
1691109353083 0.24324152252201825 0
1691109353084 0.24092360692104714 0
1691109353084 0.23855441508493655 0
1691109353085 0.23628349486686911 0
1691109353086 0.23399629575723235 0
1691109353086 0.2318054213558354 0
1691109353087 0.22960279703983047 0
1691109353088 0.22748440555098032 0
1691109353088 0.22536675612803425 0
1691109353089 0.2232923498501899 0
1691109353090 0.22129960696734635 0
1691109353091 0.21932134894753721 0
