1691112784888 0.719566326976977 0
1691112784889 0.670598725135316 0
1691112784890 0.6262375835456597 0
1691112784890 0.5859533609740672 0
1691112784891 0.5492976244940277 0
1691112784892 0.5160136743861118 0
1691112784893 0.48617746588505284 0
1691112784894 0.4579314125315129 0
1691112784895 0.43244201780964747 0
1691112784896 0.4090127179133908 0
1691112784896 0.38762388267504816 0
1691112784897 0.3674647070359819 0
1691112784898 0.34979054121296416 0
1691112784899 0.3330818132558972 0
1691112784900 0.3180269393618034 0
1691112784901 0.3040347805860019 0
1691112784901 0.2910505545973773 0
1691112784902 0.27966527875124547 0
1691112784903 0.2688719399230866 0
1691112784904 0.25935336279321586 0
1691112784905 0.2508304358833435 0
1691112784906 0.24230516043440975 0
1691112784906 0.2347757878818264 0
1691112784907 0.22805174074213658 0
1691112784908 0.22120084700142065 0
1691112784909 0.21462960051998037 0
1691112784910 0.20925743482171688 0
1691112784911 0.20418393114608346 0
1691112784911 0.19907567531828554 0
1691112784912 0.19468733085922435 0
1691112784913 0.19076517313110358 0
1691112784914 0.18685820762259062 0
1691112784915 0.1834832028913039 0
1691112784916 0.17969516170679212 0
1691112784916 0.17637671785627826 0
1691112784917 0.17341635317041487 0
1691112784918 0.17089133997832065 0
1691112784919 0.1681945438542164 0
1691112784920 0.16593608167742024 0
1691112784920 0.16380091836244975 0
1691112784921 0.16167088068747693 0
1691112784922 0.1596240714714002 0
1691112784923 0.15741103191579706 0
1691112784924 0.15562476606416184 0
1691112784925 0.1539849548246587 0
1691112784925 0.1524809375373029 0
1691112784926 0.15103513940680846 0
1691112784927 0.14966185023066025 0
1691112784928 0.14845067052931946 0
1691112784929 0.1472646221831856 0
1691112784930 0.14601559521928612 0
1691112784930 0.14471701519992075 0
1691112784931 0.14370495822961657 0
1691112784932 0.14270423935528084 0
1691112784933 0.14169021415055727 0
1691112784934 0.14073661211501287 0
1691112784935 0.13993994463524123 0
1691112784936 0.13909890385109056 0
1691112784937 0.13834560743501503 0
1691112784938 0.1375894009934277 0
1691112784939 0.1369615468256284 0
1691112784940 0.1362782688147499 0
1691112784941 0.1356668226551098 0
1691112784941 0.135155449652758 0
1691112784942 0.13453336911651403 0
1691112784943 0.13403636859237633 0
1691112784944 0.1335441364466489 0
1691112784945 0.13311827903080595 0
1691112784946 0.1326562171542895 0
1691112784946 0.13229424417398739 0
1691112784947 0.13186270400411643 0
1691112784948 0.1314792590307377 0
1691112784949 0.13113649939898747 0
1691112784950 0.1306764111928455 0
1691112784951 0.13032022392105347 0
1691112784951 0.1299429133117358 0
1691112784952 0.1296436287008214 0
1691112784953 0.1293480758695743 0
1691112784954 0.1289568042355468 0
1691112784955 0.12857432067715283 0
1691112784956 0.1283295774121353 0
1691112784956 0.12810305295378807 0
1691112784957 0.12780528587716963 0
1691112784958 0.1272773011549751 0
1691112784959 0.12689101387209467 0
1691112784960 0.12650434432951027 0
1691112784961 0.12617684032919285 0
1691112784962 0.12588448628840165 0
1691112784963 0.1255652786027947 0
1691112784964 0.12506662616874192 0
1691112784964 0.12480927884541655 0
1691112784965 0.12453725162634319 0
1691112784966 0.12430082016986789 0
1691112784967 0.12399744494765284 0
1691112784968 0.12374863090177701 0
1691112784968 0.12347003288711236 0
1691112784969 0.12317692209692 0
1691112784970 0.12292879663071204 0
1691112784971 0.12273100302317957 0
1691112784972 0.12262512140570297 0
