1691123917754 0.7134873482503321 0
1691123917755 0.6585095910308474 0
1691123917756 0.6092754023748588 0
1691123917757 0.5642726630117236 0
1691123917758 0.5234961401478678 0
1691123917759 0.4869320854184998 0
1691123917759 0.4537641018990015 0
1691123917760 0.4232932822038949 0
1691123917762 0.3958027571357874 0
1691123917763 0.3705154198857512 0
1691123917764 0.3475962405417328 0
1691123917765 0.32683159303475756 0
1691123917765 0.3079050444797532 0
1691123917766 0.29083866409530723 0
1691123917767 0.27543008115594925 0
1691123917768 0.26105473777280463 0
1691123917769 0.2484194357706738 0
1691123917770 0.23632737250890082 0
1691123917771 0.22576549912588628 0
1691123917772 0.21566739115327105 0
1691123917773 0.20661418984391466 0
1691123917774 0.19841647108658678 0
1691123917775 0.19085996881546352 0
1691123917776 0.18360390458444234 0
1691123917777 0.17746383430756885 0
1691123917778 0.17171422753402718 0
1691123917779 0.16633081780875322 0
1691123917780 0.16109452149443196 0
1691123917781 0.15658471433958454 0
1691123917782 0.15243349717489335 0
1691123917783 0.1484334367350475 0
1691123917784 0.14465070694111576 0
1691123917784 0.14130135016961612 0
1691123917785 0.13832700634124193 0
1691123917786 0.13542970072217328 0
1691123917787 0.13261381571815117 0
1691123917788 0.1299016518827744 0
1691123917789 0.12746780118609166 0
1691123917790 0.1251339385367764 0
1691123917791 0.12320358994709185 0
1691123917792 0.12099398165756853 0
1691123917793 0.11902046912038577 0
1691123917794 0.1172459274094213 0
1691123917795 0.11552681871628498 0
1691123917796 0.11398132523391069 0
1691123917797 0.11263444893822135 0
1691123917798 0.11133395369095922 0
1691123917799 0.10991613027140747 0
1691123917800 0.10881408399885327 0
1691123917801 0.10755021021309286 0
1691123917801 0.10640393878281657 0
1691123917802 0.10555885378786817 0
1691123917803 0.10463913490494323 0
1691123917804 0.1037191019482789 0
1691123917805 0.10278981748397109 0
1691123917806 0.10202350205707848 0
1691123917807 0.10112522786579071 0
1691123917808 0.10053929792495082 0
1691123917809 0.09965244331289135 0
1691123917810 0.09887291332030673 0
1691123917811 0.09806815910843675 0
1691123917812 0.09748154647004768 0
1691123917813 0.09685058982348935 0
1691123917814 0.09613974139759351 0
1691123917815 0.09544324509044343 0
1691123917816 0.0949008357021351 0
1691123917817 0.09428733975599486 0
1691123917817 0.0935567314516956 0
1691123917818 0.09292198669644823 0
1691123917819 0.09235798504148332 0
1691123917820 0.09170734770018711 0
1691123917821 0.09111702374864322 0
1691123917822 0.09059752137067109 0
1691123917823 0.09007149787245823 0
1691123917824 0.08956153949651988 0
1691123917825 0.08908811382910407 0
1691123917826 0.08871969982550165 0
1691123917827 0.08830617794139549 0
1691123917829 0.08788633458825923 0
1691123917830 0.08754387441373741 0
1691123917832 0.08717558784132937 0
1691123917833 0.08689943485617856 0
1691123917835 0.08652905407994563 0
1691123917836 0.08619147173427175 0
1691123917838 0.08587568881967564 0
1691123917839 0.08542640044264935 0
1691123917841 0.08506511270578238 0
1691123917842 0.0847692766856848 0
1691123917844 0.08436355484809954 0
1691123917845 0.08411247952822912 0
1691123917847 0.08382154475742808 0
1691123917848 0.08352521455823785 0
1691123917849 0.08323832996867553 0
1691123917850 0.08290940783766952 0
1691123917851 0.08276736319424562 0
1691123917852 0.08257199157633943 0
1691123917853 0.08218256410695901 0
1691123917854 0.0817468090675627 0
1691123917855 0.08137272477897659 0
1691123917856 0.08104840579049802 0
