1691109319420 0.7640942982353991 0
1691109319421 0.7543562376362254 0
1691109319421 0.7448119644429758 0
1691109319422 0.7354979440883724 0
1691109319423 0.7263244927857784 0
1691109319424 0.7173429251562079 0
1691109319424 0.7085260679688504 0
1691109319425 0.699973784030104 0
1691109319426 0.6914938698336656 0
1691109319426 0.682324472138466 0
1691109319427 0.6732804373796427 0
1691109319428 0.6654075182090724 0
1691109319428 0.6575330288510453 0
1691109319429 0.6498152418312425 0
1691109319430 0.6422510387731338 0
1691109319430 0.6348373633558817 0
1691109319431 0.6277256724471181 0
1691109319432 0.6205936752928943 0
1691109319432 0.6128540076566918 0
1691109319433 0.6059871229628189 0
1691109319434 0.5992568295070416 0
1691109319435 0.5926522591772928 0
1691109319435 0.5861782910532056 0
1691109319436 0.5795834814093247 0
1691109319437 0.5733540218553143 0
1691109319437 0.5672412273411263 0
1691109319438 0.561246563508473 0
1691109319439 0.5553462899517546 0
1691109319439 0.5495710270431527 0
1691109319440 0.5438874971961779 0
1691109319441 0.5383236711455718 0
1691109319442 0.5328636144228903 0
1691109319442 0.527504284325227 0
1691109319443 0.5219923287277051 0
1691109319444 0.5158647771794442 0
1691109319444 0.5105517058020722 0
1691109319445 0.5046182212067242 0
1691109319446 0.4996886677611774 0
1691109319447 0.49477757844711195 0
1691109319447 0.4891928293107099 0
1691109319448 0.48429674909923753 0
1691109319449 0.47957373186217434 0
1691109319449 0.4744079100043646 0
1691109319450 0.46980255309741287 0
1691109319451 0.46465805984755104 0
1691109319451 0.46003111486398496 0
1691109319452 0.4557851370076319 0
1691109319453 0.45132223351968404 0
1691109319454 0.4472282079680425 0
1691109319454 0.4424297055931836 0
1691109319455 0.437737723077503 0
1691109319456 0.4331249877350567 0
1691109319456 0.4292883827329005 0
1691109319457 0.4248240359177569 0
1691109319458 0.42083573151154874 0
1691109319458 0.41718163230382505 0
1691109319459 0.4130773026582502 0
1691109319460 0.4089012202428501 0
1691109319460 0.40542159942127326 0
1691109319461 0.40174817099490184 0
1691109319462 0.39777900032491104 0
1691109319463 0.39434931284965125 0
1691109319463 0.3904990763149381 0
1691109319464 0.3873476897452781 0
1691109319465 0.38362193971472436 0
1691109319465 0.3800152781936705 0
1691109319466 0.3768492403802894 0
1691109319467 0.3734135572809417 0
1691109319467 0.36993458629443937 0
1691109319468 0.3669305590157622 0
1691109319469 0.3637260319220539 0
1691109319469 0.360811051725013 0
1691109319470 0.3577507854297459 0
1691109319471 0.3546497189766561 0
1691109319471 0.35192218966240907 0
1691109319472 0.34878640079470774 0
1691109319473 0.3461002402289744 0
1691109319474 0.3433022034808869 0
1691109319474 0.3403034522961508 0
1691109319475 0.3378333413296962 0
1691109319476 0.3350966085152903 0
1691109319476 0.3323257179196922 0
1691109319477 0.3299095748568121 0
1691109319478 0.327168068804289 0
1691109319478 0.32489669370193597 0
1691109319479 0.322381308680505 0
1691109319480 0.32019638539634737 0
1691109319480 0.31778050713488465 0
1691109319481 0.3152359849205646 0
1691109319482 0.31297740407831093 0
1691109319483 0.3106329279034036 0
1691109319483 0.3085517778827314 0
1691109319484 0.30653751999860396 0
1691109319485 0.3041757071715664 0
1691109319485 0.301979157135272 0
1691109319486 0.3000645871122573 0
1691109319487 0.2978170239368266 0
1691109319487 0.2956124532637908 0
1691109319488 0.2936765932922777 0
1691109319489 0.29157988730494583 0
