1691123891189 0.7211846409937911 0
1691123891191 0.6710082306428483 0
1691123891192 0.6252877042039202 0
1691123891193 0.5845638375455893 0
1691123891194 0.5481550401668523 0
1691123891195 0.5142814573541543 0
1691123891196 0.48310633938044706 0
1691123891197 0.4552423048050044 0
1691123891197 0.42992538545071063 0
1691123891198 0.4073591210923103 0
1691123891199 0.3854363655688022 0
1691123891200 0.36541567997633323 0
1691123891201 0.34716254461292684 0
1691123891202 0.33041253495111583 0
1691123891203 0.31594776023227983 0
1691123891204 0.3021355455627249 0
1691123891205 0.28979659633855 0
1691123891206 0.27805831863635067 0
1691123891207 0.267344021412725 0
1691123891208 0.2574861354404201 0
1691123891209 0.24892906484279825 0
1691123891210 0.24073504638023885 0
1691123891211 0.23318347992300648 0
1691123891212 0.22577470224107277 0
1691123891213 0.21926360202889517 0
1691123891214 0.21360346493213458 0
1691123891215 0.20804305242544469 0
1691123891215 0.2025264025710151 0
1691123891216 0.1976471288692523 0
1691123891217 0.19353108265928454 0
1691123891218 0.18917864024828485 0
1691123891219 0.18560259583341196 0
1691123891220 0.18186155975265128 0
1691123891221 0.17874620906386318 0
1691123891222 0.1754104164954497 0
1691123891223 0.17249502526650515 0
1691123891224 0.1700561233292418 0
1691123891225 0.1677024442277822 0
1691123891226 0.16500299022638604 0
1691123891227 0.1629558030300306 0
1691123891228 0.1609735468846322 0
1691123891229 0.15890204761942348 0
1691123891230 0.15705730264388207 0
1691123891231 0.15532408782469856 0
1691123891231 0.15358132455656126 0
1691123891232 0.1520870580116179 0
1691123891233 0.15069126560314583 0
1691123891234 0.14933814267038828 0
1691123891235 0.1479188954929028 0
1691123891236 0.14660801077172575 0
1691123891237 0.1454288048338877 0
1691123891238 0.14423092458044995 0
1691123891239 0.14314672603855824 0
1691123891240 0.14218339179244466 0
1691123891241 0.14121139211010214 0
1691123891242 0.14033288184145148 0
1691123891243 0.13939260388791178 0
1691123891244 0.13859052616227469 0
1691123891245 0.13780579757029607 0
1691123891246 0.13716142335495105 0
1691123891247 0.13655539929988303 0
1691123891248 0.13585281023045398 0
1691123891249 0.13512307884626873 0
1691123891250 0.13461833260435485 0
1691123891251 0.13404406142572053 0
1691123891252 0.1334594354902469 0
1691123891253 0.1328731164501161 0
1691123891253 0.1323918792502168 0
1691123891254 0.1318972762736082 0
1691123891255 0.13151047213977157 0
1691123891256 0.1310913084141503 0
1691123891257 0.13065373823856802 0
1691123891258 0.13020635858379623 0
1691123891259 0.12991527421669322 0
1691123891260 0.12960397625246894 0
1691123891261 0.1291736593643128 0
1691123891262 0.12881356483708872 0
1691123891263 0.12847833456939992 0
1691123891265 0.1282238789198089 0
1691123891266 0.12797102016325748 0
1691123891267 0.12772446555632605 0
1691123891267 0.12731718191059818 0
1691123891268 0.12694661166268514 0
1691123891269 0.12661379217296073 0
1691123891270 0.12641909782247293 0
1691123891272 0.12604437513974406 0
1691123891273 0.1257767298474736 0
1691123891273 0.1255549386720273 0
1691123891274 0.12533263000865896 0
1691123891275 0.12499984669894126 0
1691123891276 0.12482103941047078 0
1691123891277 0.12445740653600149 0
1691123891278 0.12410648676271678 0
1691123891279 0.12400203187404565 0
1691123891280 0.12371546396576723 0
1691123891281 0.1236205512514915 0
1691123891282 0.12338408742630995 0
1691123891283 0.12328083660530166 0
1691123891284 0.12300204864964545 0
1691123891285 0.12286137629843794 0
