1691109349853 0.7622415390306879 0
1691109349854 0.7507283345983136 0
1691109349855 0.7394208964864939 0
1691109349855 0.7285184451022558 0
1691109349856 0.7179068499105598 0
1691109349857 0.7071571157073474 0
1691109349858 0.6966708323218702 0
1691109349858 0.6865025881846413 0
1691109349859 0.6764150215753986 0
1691109349860 0.6667977795492779 0
1691109349861 0.6572403404907153 0
1691109349861 0.6478537645314218 0
1691109349862 0.6386004819509713 0
1691109349863 0.6293866271792838 0
1691109349864 0.6204921300672621 0
1691109349864 0.6121667382757429 0
1691109349865 0.6034957559764146 0
1691109349866 0.5951091676744554 0
1691109349866 0.586766399223377 0
1691109349867 0.5786484854984706 0
1691109349868 0.5704996835242937 0
1691109349869 0.5625659386513565 0
1691109349869 0.554716858342221 0
1691109349870 0.5470512095128774 0
1691109349871 0.5398412098454506 0
1691109349871 0.5327920910930275 0
1691109349872 0.5257619005432711 0
1691109349873 0.5186197683487388 0
1691109349874 0.511581759905205 0
1691109349874 0.5048320375311957 0
1691109349875 0.4982205064229686 0
1691109349876 0.4917863668246535 0
1691109349877 0.48534948400328354 0
1691109349877 0.47901342403508784 0
1691109349878 0.4727812916501542 0
1691109349879 0.4668775602642897 0
1691109349879 0.46099862748191467 0
1691109349880 0.45526863654146094 0
1691109349881 0.4494967585323406 0
1691109349882 0.4439938428417156 0
1691109349882 0.43850030567186804 0
1691109349883 0.4330034700738339 0
1691109349884 0.42769054075738083 0
1691109349884 0.42253669089335194 0
1691109349885 0.4173241571764735 0
1691109349886 0.41219565096133964 0
1691109349886 0.40718951784066615 0
1691109349887 0.4023641500606168 0
1691109349888 0.39753497345525246 0
1691109349888 0.3927738880478226 0
1691109349889 0.3882544622433122 0
1691109349890 0.38366165283764403 0
1691109349891 0.37921500893627436 0
1691109349891 0.3747956078815246 0
1691109349892 0.3705227325167192 0
1691109349893 0.36628206244026584 0
1691109349893 0.36209340912711235 0
1691109349894 0.35807409969029325 0
1691109349895 0.35406735567847814 0
1691109349896 0.35018827741337755 0
1691109349896 0.3463380716741052 0
1691109349897 0.34246639507248705 0
1691109349898 0.33879134888166934 0
1691109349898 0.33518733349032503 0
1691109349899 0.3315660478658007 0
1691109349900 0.32796658378169863 0
1691109349901 0.324428248979763 0
1691109349901 0.3210030458034724 0
1691109349902 0.31768938278539294 0
1691109349903 0.3144473624635695 0
1691109349903 0.3111979053043741 0
1691109349904 0.308018239626816 0
1691109349905 0.3049106662023136 0
1691109349906 0.3019439956137353 0
1691109349906 0.2988801706506058 0
1691109349907 0.2959509945107136 0
1691109349908 0.29307296894864177 0
1691109349908 0.29025070220581217 0
1691109349909 0.2874846763007716 0
1691109349910 0.2847148666352921 0
1691109349910 0.2821199677864516 0
1691109349911 0.279529731425796 0
1691109349912 0.2768650556665093 0
1691109349913 0.2743486236549182 0
1691109349913 0.27180513772577136 0
1691109349914 0.2693338836474227 0
1691109349915 0.2669523967594714 0
1691109349915 0.26461817638607543 0
1691109349916 0.26223706326899726 0
1691109349917 0.2598897007128747 0
1691109349917 0.25760970349447626 0
1691109349918 0.2553827160083348 0
1691109349919 0.2531810858967566 0
1691109349919 0.25109621924896125 0
1691109349920 0.24892444807795883 0
1691109349921 0.24683142688441892 0
1691109349922 0.24479973940134808 0
1691109349922 0.2427886248740181 0
1691109349923 0.24084465898032856 0
1691109349924 0.23888792357307956 0
