1691109420793 0.6801029727803545 0
1691109420795 0.5935188592123419 0
1691109420796 0.5266988627141912 0
1691109420798 0.4721962587805752 0
1691109420801 0.42787838645187687 0
1691109420803 0.3920896282882 0
1691109420804 0.35862944004784864 0
1691109420806 0.3326396218727579 0
1691109420807 0.30663113175226725 0
1691109420809 0.2884425268135709 0
1691109420810 0.270005950480904 0
1691109420816 0.25401925471651804 0
1691109420818 0.23996701004270343 0
1691109420820 0.22816573345275556 0
1691109420822 0.21942368454333533 0
1691109420823 0.21027440786275906 0
1691109420824 0.20406074833774787 0
1691109420826 0.19745981575451665 0
1691109420827 0.19130154010340136 0
1691109420828 0.18678997691981072 0
1691109420830 0.18194889181910234 0
1691109420831 0.1780412904675425 0
1691109420833 0.17430710021385049 0
1691109420834 0.1711285566653785 0
1691109420836 0.16837211759557458 0
1691109420837 0.1659179882258859 0
1691109420839 0.16310626997799346 0
1691109420842 0.1609798638400532 0
1691109420843 0.1588467770544185 0
1691109420845 0.15740149179140592 0
1691109420846 0.15583181482414674 0
1691109420848 0.15443967915593854 0
1691109420849 0.15300055904122575 0
1691109420850 0.1519596602578202 0
1691109420852 0.1509241495034373 0
1691109420853 0.15003313499916718 0
1691109420854 0.1491070166160911 0
1691109420856 0.14835125109405534 0
1691109420857 0.1475726788813834 0
1691109420859 0.14693618793218183 0
1691109420860 0.14624496858829217 0
1691109420861 0.14562474575631573 0
1691109420862 0.1451278533317478 0
1691109420863 0.1446924000074646 0
1691109420863 0.14425311752853084 0
1691109420864 0.1437415396678735 0
1691109420865 0.14308804749276524 0
1691109420866 0.1427240101269002 0
1691109420866 0.14228738682701828 0
1691109420867 0.14170225802151284 0
1691109420868 0.14136374765616766 0
1691109420869 0.14112583175685048 0
1691109420870 0.14066521182033873 0
1691109420870 0.14031290943488525 0
1691109420871 0.14006069291748097 0
1691109420872 0.13988249077343518 0
1691109420873 0.139644376848327 0
1691109420875 0.13922414844432404 0
1691109420877 0.1389859406257398 0
1691109420878 0.1386660382665055 0
1691109420879 0.13844209161562093 0
1691109420880 0.13810351222188788 0
1691109420881 0.1377381110370602 0
1691109420882 0.13745447257440196 0
1691109420882 0.13731467896831107 0
1691109420883 0.13709179999320778 0
1691109420885 0.1368619434173037 0
1691109420886 0.1366669538323326 0
1691109420887 0.13651979740406942 0
1691109420888 0.13638626106560078 0
1691109420889 0.13595409334731987 0
1691109420890 0.13558827335838206 0
1691109420892 0.13515447395620114 0
1691109420892 0.13497026229619394 0
1691109420893 0.1346606525423297 0
1691109420894 0.13447074565213019 0
1691109420895 0.13378054904299572 0
1691109420895 0.1336421966936912 0
1691109420896 0.13336153567969133 0
1691109420897 0.13288896021265129 0
1691109420898 0.13270057550375858 0
1691109420898 0.1325737137544804 0
1691109420899 0.13249439514752614 0
1691109420900 0.13221965324051577 0
1691109420901 0.13195075806299056 0
1691109420901 0.13186848437577486 0
1691109420902 0.13175609540744035 0
1691109420903 0.13157716808621112 0
1691109420904 0.1315085727130828 0
1691109420904 0.1312841557374024 0
1691109420905 0.13105536662072226 0
1691109420906 0.1308816803720813 0
1691109420907 0.13058725335976448 0
1691109420907 0.13050850808868744 0
1691109420908 0.1303503665875989 0
1691109420909 0.13031577304052655 0
1691109420910 0.1302517842004788 0
1691109420910 0.12997809850778191 0
1691109420911 0.12972597664107147 0
1691109420912 0.12958560406166236 0
