1691112826618 0.6789712663712169 0
1691112826619 0.6037042116499924 0
1691112826620 0.5305499938829081 0
1691112826621 0.478114136124145 0
1691112826622 0.4339297677872881 0
1691112826623 0.39703892259646445 0
1691112826624 0.3610560129688978 0
1691112826624 0.32983626994546245 0
1691112826625 0.3055566268144409 0
1691112826626 0.28660431066742886 0
1691112826627 0.26913978673434996 0
1691112826628 0.2536243115169146 0
1691112826629 0.24007377283095274 0
1691112826629 0.22763869531786954 0
1691112826630 0.21900345720308959 0
1691112826631 0.21063728752878158 0
1691112826632 0.2024824844304507 0
1691112826633 0.19571512919573836 0
1691112826634 0.19057025190203783 0
1691112826636 0.18545232343154555 0
1691112826637 0.18095635275870633 0
1691112826638 0.17694961090776304 0
1691112826640 0.17311584767170105 0
1691112826640 0.1698539332047183 0
1691112826642 0.16723069406641283 0
1691112826642 0.16451823315640338 0
1691112826643 0.16212789319262694 0
1691112826644 0.16016038971295096 0
1691112826645 0.15815642356985307 0
1691112826646 0.1564937285769813 0
1691112826647 0.15505054136745183 0
1691112826648 0.15376280853789298 0
1691112826648 0.15257907700567697 0
1691112826649 0.15138301180759237 0
1691112826650 0.15041512765807727 0
1691112826651 0.14944021022802373 0
1691112826652 0.14865939187108182 0
1691112826653 0.1478360083156281 0
1691112826653 0.14719601862679557 0
1691112826654 0.14634674661890476 0
1691112826655 0.14562659932685248 0
1691112826656 0.14514663568179248 0
1691112826657 0.14455013609752101 0
1691112826658 0.1439236322187096 0
1691112826658 0.14342100045970127 0
1691112826659 0.14311781102545817 0
1691112826660 0.14275816150687615 0
1691112826661 0.1423836851638597 0
1691112826662 0.14200287890029653 0
1691112826663 0.14175649901004747 0
1691112826664 0.14141314447675782 0
1691112826664 0.1409532485375001 0
1691112826665 0.14073715236868128 0
1691112826666 0.1402791308193213 0
1691112826667 0.13992104206062264 0
1691112826668 0.1397069257891983 0
1691112826669 0.1391533440084834 0
1691112826669 0.13897630532487704 0
1691112826670 0.13873648573799163 0
1691112826671 0.13841679575638102 0
1691112826672 0.13827939704178982 0
1691112826673 0.1379896082016551 0
1691112826674 0.13782371919916336 0
1691112826675 0.13741990801830545 0
1691112826675 0.13657796611721348 0
1691112826676 0.13615901559936228 0
1691112826677 0.13583194339847549 0
1691112826678 0.13556716608213387 0
1691112826679 0.1353444496715106 0
1691112826680 0.1352138382968563 0
1691112826681 0.13502566011122202 0
1691112826681 0.13491634738582045 0
1691112826682 0.13459343685026953 0
1691112826683 0.13447312568283898 0
1691112826684 0.13419198658896145 0
1691112826685 0.1340894234371918 0
1691112826686 0.13397722827023129 0
1691112826686 0.13361691130873501 0
1691112826687 0.13354226451019316 0
1691112826688 0.13321038286402478 0
1691112826689 0.1329863957711464 0
1691112826690 0.1329062883272994 0
1691112826691 0.13271271310178634 0
1691112826692 0.13264936867935292 0
1691112826693 0.13256725012317336 0
1691112826694 0.1324620893685813 0
1691112826695 0.13210277456336078 0
1691112826696 0.13185243642837877 0
1691112826696 0.13142830027655966 0
1691112826697 0.1313741448611892 0
1691112826698 0.13110623140534375 0
1691112826699 0.13086490925723637 0
1691112826700 0.13058684119047176 0
1691112826701 0.13019356990704586 0
1691112826701 0.13003662463133484 0
1691112826702 0.1299416602317029 0
1691112826703 0.12972217517016268 0
1691112826704 0.1294957905702758 0
1691112826705 0.12946328576461152 0
1691112826706 0.1293487953859509 0
