1691109405505 0.7129941778160981 0
1691109405506 0.6583859157327197 0
1691109405507 0.6086161440663693 0
1691109405507 0.5634488724704185 0
1691109405508 0.5229158364510702 0
1691109405509 0.486120592473349 0
1691109405510 0.452749398395793 0
1691109405510 0.4224841120025738 0
1691109405511 0.3952213664164053 0
1691109405512 0.37028505798014494 0
1691109405513 0.3476053617168733 0
1691109405513 0.3271324506008181 0
1691109405514 0.3088129188923733 0
1691109405515 0.291827685421982 0
1691109405515 0.27590045765189797 0
1691109405516 0.26137092656681704 0
1691109405517 0.2485295338453277 0
1691109405518 0.2367238839410231 0
1691109405518 0.2256378630126215 0
1691109405519 0.21599749508046037 0
1691109405520 0.20669174512598434 0
1691109405521 0.19842597826838804 0
1691109405521 0.1907726902808585 0
1691109405522 0.18369942083155982 0
1691109405523 0.17729634463831725 0
1691109405524 0.1717302772286079 0
1691109405524 0.1658644922498721 0
1691109405525 0.1608649758775836 0
1691109405526 0.1562379919942322 0
1691109405527 0.15172693532059575 0
1691109405527 0.14794911897144375 0
1691109405528 0.14425401336979815 0
1691109405529 0.1407980772749631 0
1691109405530 0.13747167095060428 0
1691109405530 0.1347095531446092 0
1691109405531 0.1318888741973675 0
1691109405532 0.1293367633703814 0
1691109405533 0.1270298822847804 0
1691109405534 0.12478126196165683 0
1691109405535 0.1227609020761415 0
1691109405536 0.12061192781971915 0
1691109405537 0.11901699456482505 0
1691109405537 0.11715954890623122 0
1691109405538 0.11547963394909457 0
1691109405539 0.11412302810491223 0
1691109405540 0.11260888448791825 0
1691109405540 0.11123664341493414 0
1691109405541 0.10986485675451946 0
1691109405542 0.10864171750100347 0
1691109405543 0.10760510557214978 0
1691109405543 0.1065792679606789 0
1691109405544 0.10558688635959736 0
1691109405545 0.10464047041035873 0
1691109405545 0.10372523815899995 0
1691109405546 0.10273136696244704 0
1691109405547 0.10201577433849682 0
1691109405548 0.10129477621696284 0
1691109405548 0.10043537109756813 0
1691109405549 0.09977960781453693 0
1691109405550 0.09895129979936179 0
1691109405551 0.09824839452294436 0
1691109405551 0.09767681811236117 0
1691109405552 0.09711644683633268 0
1691109405553 0.09649061857323997 0
1691109405553 0.09596851687900824 0
1691109405554 0.09537602408938153 0
1691109405555 0.09478208729242076 0
1691109405556 0.09433899177019947 0
1691109405556 0.09379737477100586 0
1691109405557 0.09328273397638302 0
1691109405558 0.09262925137019493 0
1691109405559 0.09209948411991631 0
1691109405559 0.09151947554922601 0
1691109405560 0.09109191874067156 0
1691109405561 0.09045055148933778 0
1691109405562 0.09012369269971975 0
1691109405562 0.08962106063555479 0
1691109405563 0.08908560992512408 0
1691109405564 0.08868162896838117 0
1691109405565 0.08826597145271417 0
1691109405565 0.08782216878257784 0
1691109405566 0.08757279746337998 0
1691109405567 0.08719060919306647 0
1691109405568 0.08681129098177372 0
1691109405568 0.08638683255427679 0
1691109405569 0.08601011681452793 0
1691109405570 0.08566548301601476 0
1691109405570 0.08529738776650282 0
1691109405571 0.0848570310705009 0
1691109405572 0.0844348672473122 0
1691109405573 0.08409476666604586 0
1691109405573 0.08374922154130822 0
1691109405574 0.08336619845907754 0
1691109405575 0.08295369395732582 0
1691109405576 0.08267672697109113 0
1691109405577 0.08229512125294147 0
1691109405577 0.08204249649920564 0
1691109405578 0.08172716662242939 0
1691109405580 0.08145778495157407 0
1691109405581 0.08104332130950223 0
