1691112811201 0.713463790577296 0
1691112811202 0.6586781201307507 0
1691112811202 0.609029639487888 0
1691112811203 0.5644748087428403 0
1691112811204 0.5236221845442484 0
1691112811205 0.48674703356624777 0
1691112811206 0.4533742353889812 0
1691112811207 0.4229598851619364 0
1691112811208 0.3955527055049664 0
1691112811209 0.37083846647404345 0
1691112811209 0.34792906880718927 0
1691112811210 0.3272834039135562 0
1691112811211 0.30853865065328556 0
1691112811212 0.2913667585595112 0
1691112811213 0.2760849906459957 0
1691112811214 0.26194861954852744 0
1691112811214 0.2490945632455704 0
1691112811215 0.23697768476286946 0
1691112811217 0.22623574316792863 0
1691112811217 0.21619643248395334 0
1691112811218 0.2068000771547421 0
1691112811219 0.19847463498486242 0
1691112811220 0.19078761008854941 0
1691112811221 0.183555298738653 0
1691112811222 0.1765283897453051 0
1691112811223 0.1705839907222801 0
1691112811224 0.16535660894562665 0
1691112811225 0.16026565629302392 0
1691112811225 0.15555857580290208 0
1691112811226 0.15139291608384617 0
1691112811227 0.14737806894398053 0
1691112811228 0.14384221217428886 0
1691112811229 0.14060131888458485 0
1691112811230 0.13733505934883042 0
1691112811231 0.13435667725737646 0
1691112811231 0.13169400735451559 0
1691112811232 0.129136616697303 0
1691112811233 0.12666816351560095 0
1691112811235 0.12439494544384927 0
1691112811237 0.1221937918525397 0
1691112811237 0.12045435204335979 0
1691112811239 0.11878809323907022 0
1691112811240 0.11727492907165138 0
1691112811240 0.1158437351706189 0
1691112811241 0.11424975434688578 0
1691112811242 0.11279819090526848 0
1691112811243 0.11140938792976339 0
1691112811244 0.11020117045101391 0
1691112811245 0.1091160749361486 0
1691112811245 0.10779726327202585 0
1691112811246 0.10677349565034447 0
1691112811247 0.10587378688383538 0
1691112811248 0.1049870111757771 0
1691112811249 0.10400303452710129 0
1691112811250 0.10314848351624191 0
1691112811250 0.10235426821611641 0
1691112811251 0.101602741299778 0
1691112811252 0.10091011362217156 0
1691112811253 0.10027279259762892 0
1691112811254 0.09943174500056852 0
1691112811255 0.09870015993612535 0
1691112811255 0.0979386630267033 0
1691112811256 0.09716164075099966 0
1691112811257 0.09657197778974971 0
1691112811258 0.09588864501378795 0
1691112811259 0.09538121435905865 0
1691112811260 0.09481096356547625 0
1691112811260 0.09432594319137484 0
1691112811261 0.0937357733343721 0
1691112811262 0.09321682690841208 0
1691112811263 0.09279607310160806 0
1691112811264 0.09238307245707808 0
1691112811265 0.09192695448535114 0
1691112811265 0.09152162038488391 0
1691112811266 0.0911367842463402 0
1691112811267 0.09070720480641374 0
1691112811268 0.09039682264477535 0
1691112811269 0.08989572004145442 0
1691112811270 0.08962181932917859 0
1691112811271 0.08903429081107393 0
1691112811271 0.08869537980404818 0
1691112811272 0.08834637371698331 0
1691112811273 0.08798071486193082 0
1691112811274 0.08770338439391497 0
1691112811275 0.08724865386158638 0
1691112811276 0.0867438646101809 0
1691112811277 0.08642134714578684 0
1691112811278 0.08592216885908296 0
1691112811279 0.08565923241808762 0
1691112811279 0.08540010167803262 0
1691112811280 0.0850666957938245 0
1691112811281 0.08480117328286989 0
1691112811282 0.08443534136551877 0
1691112811283 0.08411887637444523 0
1691112811284 0.08389171476076784 0
1691112811285 0.0836836054939981 0
1691112811285 0.08334019654939907 0
1691112811286 0.08295774058275876 0
1691112811287 0.08271415779108837 0
1691112811288 0.08245935933085767 0
