1691123914409 0.7128539340267521 0
1691123914410 0.6578908631792314 0
1691123914411 0.6082339140605784 0
1691123914412 0.5634668923268931 0
1691123914413 0.5229275710471691 0
1691123914414 0.4861028874112896 0
1691123914415 0.4526803199410157 0
1691123914416 0.4221933117197419 0
1691123914417 0.39491017697471276 0
1691123914418 0.36982332731031664 0
1691123914419 0.34715896922237377 0
1691123914420 0.32667331424658486 0
1691123914421 0.3079957349426014 0
1691123914421 0.29112067511746204 0
1691123914422 0.2757420554499734 0
1691123914423 0.2614834608693277 0
1691123914424 0.248199522807293 0
1691123914425 0.23641990202407068 0
1691123914426 0.2253951612051911 0
1691123914427 0.21538971573089066 0
1691123914428 0.20634250884140037 0
1691123914429 0.19789798022622979 0
1691123914430 0.19020342166624968 0
1691123914431 0.18338944792432316 0
1691123914432 0.1769887609344652 0
1691123914433 0.17121575211485457 0
1691123914434 0.1658674565710418 0
1691123914435 0.16102608338546456 0
1691123914436 0.15652846305031604 0
1691123914437 0.15180002450676156 0
1691123914438 0.14787946857869533 0
1691123914439 0.14415416490005314 0
1691123914440 0.14060432187734204 0
1691123914441 0.1373442277768974 0
1691123914441 0.13444536225332498 0
1691123914442 0.13188032515504516 0
1691123914443 0.12917664066625115 0
1691123914444 0.1267701917985536 0
1691123914445 0.12443251697962761 0
1691123914446 0.12244156327395196 0
1691123914447 0.12045170609084599 0
1691123914448 0.11873971066983909 0
1691123914449 0.11706554585187162 0
1691123914450 0.11553702717896945 0
1691123914451 0.11417586778077204 0
1691123914452 0.11255289560268356 0
1691123914453 0.11110241529243317 0
1691123914454 0.1099474220226873 0
1691123914455 0.10860175336911054 0
1691123914456 0.1073723950400339 0
1691123914457 0.10627181326300529 0
1691123914458 0.10538083810378968 0
1691123914459 0.1044091503099169 0
1691123914460 0.10361086443006691 0
1691123914461 0.10278210827030694 0
1691123914462 0.10209838976894321 0
1691123914463 0.1012690755136521 0
1691123914464 0.10027834899128782 0
1691123914465 0.0996484428255079 0
1691123914466 0.09889582242456238 0
1691123914467 0.09824909723687238 0
1691123914468 0.0974451130469997 0
1691123914469 0.09663086633271992 0
1691123914470 0.09590843343474294 0
1691123914471 0.0952458807643405 0
1691123914472 0.09459276220850034 0
1691123914473 0.094068661717738 0
1691123914474 0.09349513791373097 0
1691123914475 0.09296016260785711 0
1691123914476 0.09243944573549177 0
1691123914477 0.09206437645422648 0
1691123914478 0.09164546091758476 0
1691123914478 0.09116471096277881 0
1691123914479 0.09080105792462126 0
1691123914480 0.09045103909056017 0
1691123914481 0.09000428439558486 0
1691123914483 0.08969246535190634 0
1691123914484 0.08928464775579154 0
1691123914485 0.08893692066897652 0
1691123914486 0.08860450927618446 0
1691123914487 0.08810557674291795 0
1691123914488 0.08775838978777137 0
1691123914489 0.08748015439080042 0
1691123914490 0.08699553700336145 0
1691123914491 0.08656840050044143 0
1691123914491 0.08619877084783328 0
1691123914492 0.08597888934688952 0
1691123914493 0.08555334153430377 0
1691123914494 0.08516993587477259 0
1691123914495 0.08482262876611601 0
1691123914496 0.0846073532252986 0
1691123914497 0.08424577807575874 0
1691123914498 0.08381193419763865 0
1691123914499 0.08360446129124297 0
1691123914500 0.08326837218735224 0
1691123914501 0.08300215259427111 0
1691123914502 0.08281933900329554 0
1691123914503 0.08243897377494974 0
1691123914504 0.08222742486760731 0
1691123914505 0.08197388488741768 0
