1691109445339 0.6607399942797633 0
1691109445340 0.568383600871245 0
1691109445341 0.49381267078519175 0
1691109445342 0.43304201636419665 0
1691109445342 0.38254014137855286 0
1691109445343 0.33950930743429253 0
1691109445344 0.3048724841986874 0
1691109445345 0.27628800778081886 0
1691109445345 0.25176909152804466 0
1691109445346 0.23211288152826418 0
1691109445347 0.21518801388615807 0
1691109445348 0.2007551873279477 0
1691109445349 0.188847395103518 0
1691109445349 0.1786599792003868 0
1691109445350 0.17035009938729276 0
1691109445351 0.16288066745327337 0
1691109445352 0.1560191884484847 0
1691109445352 0.15102054840087065 0
1691109445353 0.14578510510649417 0
1691109445354 0.14183093637029956 0
1691109445355 0.13827230249721506 0
1691109445355 0.1346623016965603 0
1691109445356 0.13189685500863613 0
1691109445357 0.12943210303755676 0
1691109445358 0.12685339824537514 0
1691109445359 0.12485438437009691 0
1691109445359 0.12227607117423932 0
1691109445360 0.12068566417420547 0
1691109445361 0.1194266415837676 0
1691109445362 0.1180490595944953 0
1691109445362 0.1168802203113862 0
1691109445363 0.11520615503616953 0
1691109445364 0.11430820484162879 0
1691109445365 0.11310998053273214 0
1691109445365 0.11192093149037695 0
1691109445366 0.11098549265309021 0
1691109445367 0.11011714131997555 0
1691109445368 0.10928635483801608 0
1691109445368 0.10858921468436047 0
1691109445369 0.10788671629950602 0
1691109445370 0.1071843793470335 0
1691109445371 0.10641818441685538 0
1691109445371 0.10608638836189617 0
1691109445372 0.10570216904074944 0
1691109445373 0.1051612933345536 0
1691109445374 0.10480622337157311 0
1691109445375 0.10420437766869604 0
1691109445375 0.10364244489867573 0
1691109445376 0.10336787752663834 0
1691109445377 0.10306580134594648 0
1691109445378 0.10276800820417833 0
1691109445378 0.10243797226399026 0
1691109445379 0.10199492305458416 0
1691109445380 0.10173011540375217 0
1691109445381 0.1014464596060203 0
1691109445382 0.10076766401356657 0
1691109445382 0.10047810204043225 0
1691109445383 0.09988516291914788 0
1691109445384 0.09981630462264764 0
1691109445384 0.09934950285133447 0
1691109445385 0.09928947097334961 0
1691109445386 0.09924152622819522 0
1691109445387 0.09857765555068487 0
1691109445388 0.09830254264178886 0
1691109445389 0.09786198488286454 0
1691109445390 0.09752200462870646 0
1691109445391 0.09747015329726907 0
1691109445391 0.096900142545931 0
1691109445392 0.0965865932635341 0
1691109445393 0.09655247139207114 0
1691109445394 0.09610242377176154 0
1691109445394 0.0954052845563844 0
1691109445395 0.09508502042592107 0
1691109445396 0.0950214772466787 0
1691109445397 0.09497910548648146 0
1691109445398 0.0943912269927014 0
1691109445398 0.09397019595145539 0
1691109445399 0.0937379009215389 0
1691109445400 0.09371332824300166 0
1691109445401 0.09332316240822942 0
1691109445401 0.09292361245024662 0
1691109445402 0.09244470756667808 0
1691109445403 0.0921087892796282 0
1691109445404 0.09171506083322697 0
1691109445405 0.09164892816635312 0
1691109445405 0.09125500632392625 0
1691109445406 0.0909982168556832 0
1691109445407 0.09047059753474611 0
1691109445408 0.08995324718919367 0
1691109445408 0.08966376878295008 0
1691109445409 0.08940190100942796 0
1691109445410 0.08905208264871935 0
1691109445411 0.08879057484246008 0
1691109445412 0.08870986389693523 0
1691109445412 0.08836539131010605 0
1691109445414 0.08809156376326685 0
1691109445414 0.08800224248393612 0
1691109445415 0.08773443486624435 0
1691109445416 0.08749242330428647 0
1691109445417 0.08713123861884192 0
