1691123862111 0.7613510526257441 0
1691123862112 0.7491617462125659 0
1691123862113 0.7372148877001735 0
1691123862114 0.725514346791477 0
1691123862115 0.7140463167636433 0
1691123862116 0.7028062409549357 0
1691123862117 0.691785364744589 0
1691123862118 0.6809835888549496 0
1691123862119 0.6704087886512863 0
1691123862120 0.6600246053536847 0
1691123862121 0.6498546256143416 0
1691123862122 0.6398994011666694 0
1691123862122 0.630125776000148 0
1691123862123 0.6205412171194429 0
1691123862124 0.6111523599159442 0
1691123862125 0.6019600434099102 0
1691123862126 0.5929316078022023 0
1691123862127 0.5840744450742393 0
1691123862128 0.5753897484562175 0
1691123862129 0.5668900902423154 0
1691123862130 0.5585394828905489 0
1691123862131 0.5503397766901446 0
1691123862132 0.542326832191101 0
1691123862133 0.5344497078125185 0
1691123862133 0.5267158073381769 0
1691123862134 0.5191289686437005 0
1691123862135 0.5117049022011758 0
1691123862136 0.5044122140012532 0
1691123862137 0.497258227448076 0
1691123862138 0.490265687826475 0
1691123862139 0.48336022277567725 0
1691123862140 0.4765797157505198 0
1691123862141 0.46996353467809904 0
1691123862142 0.463491790144286 0
1691123862143 0.45711787229536033 0
1691123862144 0.4508414245761097 0
1691123862145 0.4447007712809223 0
1691123862145 0.43867325754262154 0
1691123862146 0.43276356840488817 0
1691123862147 0.4269445080753261 0
1691123862148 0.42127458220740077 0
1691123862149 0.4156723633123547 0
1691123862150 0.4102361028998947 0
1691123862151 0.40483639933013527 0
1691123862152 0.39958730315383323 0
1691123862153 0.394417085220893 0
1691123862154 0.3893236810180459 0
1691123862155 0.38434443047760386 0
1691123862156 0.3794622395994978 0
1691123862157 0.3747035191330369 0
1691123862157 0.36998052969667533 0
1691123862158 0.36536361912523907 0
1691123862159 0.36086250968284184 0
1691123862160 0.35641379430430653 0
1691123862161 0.35205288808254 0
1691123862162 0.34776341719879855 0
1691123862163 0.3435484416536445 0
1691123862164 0.3394451436063301 0
1691123862165 0.33540528670681957 0
1691123862166 0.33145269587546006 0
1691123862167 0.3275618768802621 0
1691123862168 0.3237436892450443 0
1691123862168 0.32000374272738086 0
1691123862169 0.31633260548128533 0
1691123862171 0.3127305999294199 0
1691123862172 0.30921516612156635 0
1691123862173 0.3057357692565374 0
1691123862174 0.30233021084400663 0
1691123862175 0.2989982217326051 0
1691123862176 0.2957258989327737 0
1691123862177 0.29250416510784316 0
1691123862178 0.2893282445214369 0
1691123862178 0.28624437804758 0
1691123862179 0.2832122136282203 0
1691123862180 0.2802245286427122 0
1691123862181 0.277226135838523 0
1691123862182 0.2742995805307881 0
1691123862183 0.2714800250241027 0
1691123862184 0.2686573447470462 0
1691123862185 0.26595814483886915 0
1691123862186 0.2632811374260617 0
1691123862187 0.26058809948843253 0
1691123862188 0.258026770466372 0
1691123862189 0.2554385540768197 0
1691123862190 0.25290821687402 0
1691123862191 0.2504121860422286 0
1691123862192 0.24797536265315576 0
1691123862193 0.24558391856694006 0
1691123862194 0.2432415225220183 0
1691123862194 0.24092360692104722 0
1691123862195 0.2385544150849366 0
1691123862196 0.23628349486686911 0
1691123862197 0.2339962957572324 0
1691123862198 0.2318054213558354 0
1691123862199 0.22960279703983047 0
1691123862200 0.22748440555098037 0
1691123862201 0.22536675612803425 0
1691123862202 0.2232923498501899 0
1691123862203 0.22129960696734643 0
1691123862204 0.2193213489475373 0
