1691109359733 0.7614683620834951 0
1691109359734 0.7494451126503452 0
1691109359735 0.7376265970849958 0
1691109359736 0.7260326271761544 0
1691109359736 0.714616812687296 0
1691109359737 0.7034738362201411 0
1691109359738 0.6925410701076208 0
1691109359739 0.6817557468789978 0
1691109359740 0.6712879643654296 0
1691109359740 0.6609382471837872 0
1691109359741 0.6507471268660856 0
1691109359742 0.6408266293400016 0
1691109359742 0.6310475833023002 0
1691109359743 0.6214808404203 0
1691109359744 0.6119999030933693 0
1691109359745 0.602791034957939 0
1691109359745 0.5937598765616967 0
1691109359746 0.5848562960642713 0
1691109359747 0.5761923613482014 0
1691109359747 0.5676778829671264 0
1691109359748 0.5593303914967848 0
1691109359749 0.5511146310497612 0
1691109359750 0.5431122058283525 0
1691109359750 0.5352186253920623 0
1691109359751 0.5275201122358631 0
1691109359752 0.5198928637165504 0
1691109359752 0.5124608738352201 0
1691109359753 0.5051131750211966 0
1691109359754 0.49799318649399166 0
1691109359755 0.4909552627480191 0
1691109359755 0.4841093210206685 0
1691109359756 0.4773179760955239 0
1691109359757 0.4707390142069218 0
1691109359757 0.4642186925898362 0
1691109359758 0.45784080449911646 0
1691109359759 0.45165764439894396 0
1691109359760 0.4455491672188637 0
1691109359760 0.43956412964781705 0
1691109359761 0.4336022159553186 0
1691109359762 0.42777101898512765 0
1691109359762 0.4220885268125517 0
1691109359763 0.41652249238890854 0
1691109359764 0.41106745265099803 0
1691109359765 0.4056983981910908 0
1691109359766 0.4005289524947019 0
1691109359766 0.395329133219518 0
1691109359767 0.3902314055055523 0
1691109359768 0.3852300327903414 0
1691109359769 0.3802344868487362 0
1691109359769 0.37537037240287047 0
1691109359772 0.37055024581554835 0
1691109359774 0.3659173435909228 0
1691109359775 0.36138543139257306 0
1691109359776 0.35693250846729724 0
1691109359778 0.3525479758715348 0
1691109359779 0.3482615090500334 0
1691109359781 0.34400260482746287 0
1691109359781 0.3398867676209804 0
1691109359782 0.3358252248588685 0
1691109359783 0.3318018613765654 0
1691109359784 0.3279023664026801 0
1691109359784 0.32402350767969207 0
1691109359785 0.320206010854882 0
1691109359786 0.3164889452012114 0
1691109359787 0.3128256583833528 0
1691109359788 0.30919381703230886 0
1691109359788 0.30572673350762347 0
1691109359789 0.3023309933766722 0
1691109359790 0.29889296948119803 0
1691109359791 0.2955756537118935 0
1691109359791 0.2922144811099689 0
1691109359792 0.2890164209035534 0
1691109359793 0.2858313669872043 0
1691109359794 0.2828078513132553 0
1691109359795 0.27981616286874 0
1691109359796 0.2767799806891503 0
1691109359797 0.2738642043133005 0
1691109359797 0.27101406375029163 0
1691109359798 0.2681734317954269 0
1691109359799 0.26543512914092077 0
1691109359799 0.26277527223158703 0
1691109359800 0.2601131640144975 0
1691109359801 0.2575119543606315 0
1691109359802 0.25493018111801935 0
1691109359802 0.25235547806791647 0
1691109359803 0.24993541391754748 0
1691109359804 0.24753764588227467 0
1691109359804 0.24509564382235494 0
1691109359805 0.24280119017744622 0
1691109359806 0.2404818003482084 0
1691109359807 0.23822800735505456 0
1691109359808 0.2360218729119909 0
1691109359809 0.23386177288868454 0
1691109359809 0.23166296654233745 0
1691109359810 0.22950931258595725 0
1691109359811 0.22740007729361597 0
1691109359812 0.22537818535320167 0
1691109359813 0.2232944765532499 0
1691109359814 0.22134862589761553 0
1691109359815 0.21940798512042814 0
