1691109380550 0.719584814528823 0
1691109380551 0.6711960034636879 0
1691109380552 0.6267126154199303 0
1691109380552 0.5865819461918347 0
1691109380553 0.5501403701024312 0
1691109380554 0.515741605706824 0
1691109380555 0.485805144136921 0
1691109380555 0.4576128034184569 0
1691109380556 0.43212752610382943 0
1691109380557 0.40870024122086884 0
1691109380557 0.3877612259460866 0
1691109380558 0.3677217396325638 0
1691109380559 0.3500641706892457 0
1691109380560 0.33398013346327865 0
1691109380560 0.318875892536102 0
1691109380561 0.30529749408117657 0
1691109380562 0.29290920917649926 0
1691109380563 0.2811986714743349 0
1691109380563 0.27022055360677927 0
1691109380564 0.2605653015168169 0
1691109380565 0.2512388673901717 0
1691109380565 0.2430166222259208 0
1691109380566 0.23542841420653696 0
1691109380567 0.2284521792427477 0
1691109380568 0.22157396967893606 0
1691109380568 0.215493358662046 0
1691109380569 0.2099660228838341 0
1691109380570 0.2044268812274779 0
1691109380571 0.19940405210851495 0
1691109380571 0.19508305161055062 0
1691109380572 0.1907154528815345 0
1691109380573 0.18698261877193634 0
1691109380574 0.18328240318315672 0
1691109380574 0.1800886457929408 0
1691109380575 0.17704641829837597 0
1691109380576 0.17408044718494076 0
1691109380576 0.17151984767514294 0
1691109380577 0.16889478547465356 0
1691109380578 0.1665869242181313 0
1691109380579 0.16442501398608855 0
1691109380579 0.162225068100573 0
1691109380580 0.16019174514721718 0
1691109380581 0.1582654500953041 0
1691109380582 0.15640386317066943 0
1691109380582 0.1544093261759929 0
1691109380583 0.1528167025081529 0
1691109380584 0.1512196739164292 0
1691109380585 0.1499843079233987 0
1691109380585 0.14862520867853107 0
1691109380586 0.1473964165325834 0
1691109380587 0.14630329251554985 0
1691109380587 0.14531984064615724 0
1691109380588 0.1443455467776665 0
1691109380589 0.1433030725971385 0
1691109380590 0.1424560318685793 0
1691109380590 0.14162665391815582 0
1691109380591 0.14074770750679927 0
1691109380592 0.13983181505720618 0
1691109380593 0.1390847134654715 0
1691109380593 0.13831842494244878 0
1691109380594 0.13759801744280878 0
1691109380595 0.1369658803158247 0
1691109380595 0.13629430429094372 0
1691109380596 0.13579452869171987 0
1691109380597 0.13522625548218625 0
1691109380598 0.13460628616478246 0
1691109380598 0.13413123506054506 0
1691109380599 0.13369134406528568 0
1691109380600 0.132989469528273 0
1691109380601 0.1324535783026169 0
1691109380601 0.132051919400094 0
1691109380602 0.13155445297259794 0
1691109380603 0.1312124958310082 0
1691109380603 0.13078526437971746 0
1691109380604 0.1302915434870747 0
1691109380605 0.12992424302015526 0
1691109380606 0.12958265330534255 0
1691109380606 0.12918222889521955 0
1691109380607 0.12890122727518347 0
1691109380608 0.12853047677458537 0
1691109380609 0.12823485693225972 0
1691109380609 0.12793560886713043 0
1691109380610 0.12753443235937031 0
1691109380611 0.12718907386302533 0
1691109380612 0.1268997196552325 0
1691109380613 0.1265845042723062 0
1691109380614 0.1263426632470523 0
1691109380614 0.12610801082089176 0
1691109380615 0.12576457465195778 0
1691109380616 0.1255203000949881 0
1691109380617 0.12528585252052094 0
1691109380618 0.12496083799654693 0
1691109380620 0.12455450858926763 0
1691109380621 0.12428031797545916 0
1691109380622 0.12399022942382601 0
1691109380623 0.12381321598796655 0
1691109380624 0.12363125435482136 0
1691109380625 0.12321878563566012 0
1691109380626 0.12292836706169356 0
1691109380628 0.12266454811175859 0
