1691124817227 0.6574046927894723 0
1691124817233 0.5614816133801944 0
1691124817243 0.48277592452112167 0
1691124817245 0.4173114875678488 0
1691124817248 0.36426074879331366 0
1691124817250 0.32095754165424945 0
1691124817254 0.28570574793227554 0
1691124817256 0.2564338653509371 0
1691124817264 0.2320902730085272 0
1691124817266 0.21192191155322276 0
1691124817268 0.1947695243722575 0
1691124817270 0.18005036778167735 0
1691124817282 0.16820182927321145 0
1691124817284 0.1581203444629205 0
1691124817285 0.14946758151025005 0
1691124817286 0.14220661164114565 0
1691124817288 0.13606182838336245 0
1691124817299 0.13032771332694287 0
1691124817300 0.1260368712926627 0
1691124817302 0.12211666177618202 0
1691124817303 0.11833183479842843 0
1691124817305 0.11506282997917854 0
1691124817306 0.11204192977831462 0
1691124817307 0.10967392345699034 0
1691124817309 0.10750480435555815 0
1691124817310 0.10572834702969686 0
1691124817312 0.10395961855881343 0
1691124817313 0.10232828068944588 0
1691124817315 0.10123124148849827 0
1691124817316 0.09995395515984738 0
1691124817318 0.09862918848710236 0
1691124817319 0.09758388943978279 0
1691124817321 0.09649146840645663 0
1691124817323 0.09551059523820106 0
1691124817324 0.09442211874959984 0
1691124817325 0.09305251872362597 0
1691124817327 0.09231125158695566 0
1691124817329 0.09143933664959865 0
1691124817330 0.09093906948931917 0
1691124817332 0.09033987413776202 0
1691124817333 0.08985454259812453 0
1691124817335 0.08914204353879858 0
1691124817336 0.0884311376033322 0
1691124817338 0.08771825508691415 0
1691124817339 0.08723484688154481 0
1691124817341 0.0862189919149969 0
1691124817342 0.08563075820146648 0
1691124817344 0.08508389747939207 0
1691124817345 0.08457674437540125 0
1691124817346 0.08369452686974606 0
1691124817348 0.08357892307213069 0
1691124817350 0.08267845805271827 0
1691124817351 0.08212109412902861 0
1691124817353 0.0815017766024925 0
1691124817354 0.0810473007650295 0
1691124817356 0.08076554706910806 0
1691124817357 0.08055157237813676 0
1691124817359 0.08020008656662084 0
1691124817361 0.07965776493446249 0
1691124817362 0.07928717503889325 0
1691124817364 0.078885328926432 0
1691124817365 0.07836235989490457 0
1691124817367 0.07833310415371093 0
1691124817368 0.07796120792333538 0
1691124817370 0.0777640102136553 0
1691124817371 0.07727301138067297 0
1691124817373 0.07701759142853123 0
1691124817374 0.07673802685843886 0
1691124817376 0.07659696102645452 0
1691124817378 0.07648251348939199 0
1691124817379 0.07629394062444832 0
1691124817381 0.07614222408386584 0
1691124817382 0.07576785437752831 0
1691124817384 0.07543750408389001 0
1691124817385 0.074397902197837 0
1691124817387 0.07393072448784928 0
1691124817388 0.07342065551277185 0
1691124817390 0.07290170734319333 0
1691124817392 0.07260670665664963 0
1691124817393 0.07223284228582597 0
1691124817395 0.07182927353939732 0
1691124817396 0.07140758105718398 0
1691124817398 0.07138581900569654 0
1691124817399 0.07100634393091447 0
1691124817401 0.07068976817424638 0
1691124817402 0.07048055707789078 0
1691124817404 0.07031822751060579 0
1691124817405 0.07014188957241262 0
1691124817407 0.0697839995657594 0
1691124817408 0.06960182622727719 0
1691124817410 0.06942304461963564 0
1691124817411 0.069118136383026 0
1691124817413 0.06898483401197358 0
1691124817415 0.06889346539933984 0
1691124817416 0.06862406129499501 0
1691124817418 0.06853259012160004 0
1691124817419 0.06846664924958513 0
1691124817421 0.06807062368248376 0
1691124817422 0.06752069766598626 0
1691124817424 0.06741906084487338 0
