1691109423576 0.6831442182830136 0
1691109423577 0.6103594430068329 0
1691109423578 0.5363787808508408 0
1691109423579 0.4823237707495709 0
1691109423579 0.4355154702834047 0
1691109423580 0.3912363463372546 0
1691109423581 0.3600809981040833 0
1691109423582 0.3337318751821273 0
1691109423583 0.3067732845814612 0
1691109423584 0.28480946969539855 0
1691109423585 0.26657472710929825 0
1691109423586 0.251464964389154 0
1691109423586 0.23933641818483023 0
1691109423587 0.22966329000804744 0
1691109423588 0.219360109527221 0
1691109423589 0.21061665499294727 0
1691109423590 0.2032415101005582 0
1691109423590 0.19667001281917776 0
1691109423591 0.19058315083126187 0
1691109423592 0.18547646981225413 0
1691109423593 0.1811793184245389 0
1691109423593 0.17708091102954845 0
1691109423594 0.1741308215802865 0
1691109423595 0.17099998269773178 0
1691109423596 0.16849385548449683 0
1691109423596 0.1658664733405728 0
1691109423597 0.16378043471769277 0
1691109423598 0.1617526409376662 0
1691109423599 0.15948159285861094 0
1691109423599 0.15763483308320442 0
1691109423600 0.1558610760502092 0
1691109423601 0.15434223176475154 0
1691109423602 0.1529420678156471 0
1691109423602 0.15180091939367324 0
1691109423603 0.15091901078608594 0
1691109423604 0.1500805032233151 0
1691109423605 0.14912683312399452 0
1691109423605 0.1482019586638597 0
1691109423606 0.1474431450828581 0
1691109423607 0.1468509234740013 0
1691109423608 0.14611737931988075 0
1691109423609 0.14551126275034038 0
1691109423609 0.14492707413952666 0
1691109423610 0.1444891329557287 0
1691109423611 0.14404923835055475 0
1691109423612 0.1435540870410564 0
1691109423612 0.14302534291713304 0
1691109423613 0.14255449051726804 0
1691109423614 0.14204518760637883 0
1691109423615 0.14179323208211653 0
1691109423615 0.14145193963244823 0
1691109423616 0.14104152822057867 0
1691109423617 0.1405193093805478 0
1691109423618 0.1403049371431002 0
1691109423618 0.1400409310761096 0
1691109423619 0.1394459871497676 0
1691109423620 0.1390902267736783 0
1691109423621 0.1388225919042408 0
1691109423621 0.13864037514496735 0
1691109423622 0.1382903036962164 0
1691109423623 0.13807340685292838 0
1691109423624 0.1378347805883098 0
1691109423624 0.13767292606846002 0
1691109423625 0.1372909192265074 0
1691109423626 0.13713276014180123 0
1691109423627 0.13698640163104328 0
1691109423627 0.136855583340347 0
1691109423628 0.13678529114881055 0
1691109423629 0.13660887481196418 0
1691109423630 0.1364124213824524 0
1691109423630 0.13626888988579058 0
1691109423631 0.1361365397858278 0
1691109423632 0.13569556011211203 0
1691109423632 0.13547292302379282 0
1691109423633 0.13541487370659117 0
1691109423634 0.13474209728231004 0
1691109423635 0.1345683882309653 0
1691109423635 0.13436151383788233 0
1691109423636 0.13404432885278442 0
1691109423637 0.13306769388324008 0
1691109423638 0.13292770233376386 0
1691109423638 0.13284255363147784 0
1691109423639 0.13267983589802027 0
1691109423640 0.13251461569932643 0
1691109423641 0.13246194898310512 0
1691109423642 0.13226293334534597 0
1691109423642 0.13183906151802965 0
1691109423643 0.13179595770152916 0
1691109423644 0.1315495616721918 0
1691109423645 0.13083945635831645 0
1691109423645 0.1306005279530347 0
1691109423646 0.13028082801262317 0
1691109423647 0.13020267383328632 0
1691109423648 0.13007597503136756 0
1691109423648 0.1299611284073656 0
1691109423649 0.12968303736733885 0
1691109423650 0.12947381665071936 0
1691109423651 0.129420348969404 0
1691109423651 0.12932664796443802 0
1691109423652 0.12897072241476143 0
