1691112772673 0.7251319538912991 0
1691112772674 0.681263257914001 0
1691112772675 0.6415412379854412 0
1691112772676 0.6056921149999157 0
1691112772676 0.5730731040483803 0
1691112772677 0.5433143072074107 0
1691112772678 0.5114471353515364 0
1691112772679 0.4864898302555746 0
1691112772680 0.4633523084126141 0
1691112772681 0.4383287008306201 0
1691112772681 0.4157005364917543 0
1691112772682 0.3978956035923921 0
1691112772683 0.3786975645294477 0
1691112772684 0.3611292090705394 0
1691112772685 0.3461919356002715 0
1691112772686 0.3330021588622774 0
1691112772686 0.3195909693094335 0
1691112772687 0.30786441802725867 0
1691112772688 0.29727331722542044 0
1691112772689 0.28705022264458485 0
1691112772690 0.27775900266697395 0
1691112772691 0.26985498641674227 0
1691112772692 0.2614012096114513 0
1691112772693 0.2545385956178364 0
1691112772694 0.2483180107981332 0
1691112772696 0.24137959992465624 0
1691112772697 0.2352850097377173 0
1691112772698 0.23008458523032724 0
1691112772699 0.22487080400844728 0
1691112772701 0.2195337751717527 0
1691112772702 0.21557168097468618 0
1691112772703 0.21127091266289058 0
1691112772704 0.20724792692341848 0
1691112772706 0.20330712567114376 0
1691112772706 0.1997359188112522 0
1691112772707 0.19646097203935112 0
1691112772708 0.19327702663984495 0
1691112772709 0.1907230033557807 0
1691112772710 0.18801066092967633 0
1691112772711 0.18539722832207495 0
1691112772712 0.1829570357718509 0
1691112772712 0.18068409204842806 0
1691112772713 0.1787187546918215 0
1691112772714 0.17665686680171916 0
1691112772715 0.17466763705086807 0
1691112772716 0.17286355189776745 0
1691112772716 0.17110200664982111 0
1691112772717 0.16951926749405252 0
1691112772718 0.16811553065652562 0
1691112772719 0.16668413980862665 0
1691112772720 0.16536450043244308 0
1691112772721 0.16421342949433373 0
1691112772721 0.16303913443519208 0
1691112772722 0.1619624446864507 0
1691112772723 0.16083581587452428 0
1691112772724 0.15976915512341439 0
1691112772725 0.15867181038956232 0
1691112772726 0.15779958832194188 0
1691112772726 0.15689976441090822 0
1691112772727 0.15607561788149202 0
1691112772728 0.15533475967555593 0
1691112772729 0.15460953933649718 0
1691112772730 0.15395439754615012 0
1691112772731 0.15332730437931785 0
1691112772731 0.152645806179002 0
1691112772732 0.152027236449304 0
1691112772733 0.1513946314997619 0
1691112772734 0.15087748263253567 0
1691112772735 0.15039517685623602 0
1691112772735 0.14985525135871303 0
1691112772736 0.14940036488778366 0
1691112772737 0.1487604827696624 0
1691112772738 0.14833399797911812 0
1691112772739 0.1479663336131676 0
1691112772740 0.14759355304608307 0
1691112772740 0.14721726492094384 0
1691112772741 0.1468424457568078 0
1691112772742 0.14636776204168453 0
1691112772743 0.14603574333543465 0
1691112772744 0.1457323982758421 0
1691112772744 0.14534244783703312 0
1691112772745 0.1450494222503989 0
1691112772746 0.14472510525842863 0
1691112772747 0.14436664837894952 0
1691112772748 0.14398526421453645 0
1691112772749 0.14374934046174567 0
1691112772750 0.1434862151100187 0
1691112772752 0.1431716153804551 0
1691112772753 0.14294154405328519 0
1691112772754 0.14273627378743964 0
1691112772755 0.14244207901925968 0
1691112772756 0.1422664561263936 0
1691112772757 0.14206805562703462 0
1691112772758 0.1418835512062279 0
1691112772759 0.1416909151017298 0
1691112772761 0.1413954923114665 0
1691112772762 0.1412026629715597 0
1691112772763 0.14102930232951408 0
1691112772764 0.14083807576742985 0
1691112772765 0.1405945213332674 0
