1691123962840 0.6631281097556916 0
1691123962841 0.5713140076443304 0
1691123962842 0.49656723118340335 0
1691123962843 0.4354696638403816 0
1691123962844 0.38461487188311816 0
1691123962845 0.34160503818224797 0
1691123962846 0.3074803591990043 0
1691123962847 0.2789786353552675 0
1691123962848 0.2544649499323302 0
1691123962849 0.234382534985672 0
1691123962850 0.21720933678192395 0
1691123962851 0.2036395471425325 0
1691123962852 0.19047573332122922 0
1691123962853 0.17964108176121754 0
1691123962855 0.17144404111606776 0
1691123962856 0.16365184215310516 0
1691123962857 0.15736007986993894 0
1691123962858 0.15157904108325398 0
1691123962859 0.1462307705609933 0
1691123962860 0.14201031125458755 0
1691123962861 0.13855189754393263 0
1691123962862 0.1356314479320401 0
1691123962863 0.13308193966818818 0
1691123962864 0.13058676880962433 0
1691123962865 0.12825187496196805 0
1691123962866 0.12643596365952195 0
1691123962867 0.12432343874239013 0
1691123962868 0.1226402267261236 0
1691123962869 0.12113572484720737 0
1691123962870 0.11982215387862236 0
1691123962871 0.11818699402872407 0
1691123962872 0.11646682778416523 0
1691123962873 0.11527459261681439 0
1691123962874 0.11430339111133456 0
1691123962875 0.1133800333901174 0
1691123962876 0.11214409073341494 0
1691123962877 0.1113413342010467 0
1691123962878 0.11055043301041999 0
1691123962879 0.10992471565380686 0
1691123962880 0.10932352144692929 0
1691123962881 0.10859444753443465 0
1691123962882 0.10791462125695664 0
1691123962883 0.10699418484492325 0
1691123962884 0.10627201684309767 0
1691123962885 0.10569443397243711 0
1691123962886 0.10510080601872107 0
1691123962887 0.10436975578431386 0
1691123962888 0.10379054915192486 0
1691123962889 0.10346992561080896 0
1691123962890 0.10304356081266304 0
1691123962891 0.10286137707016671 0
1691123962892 0.10253723997391859 0
1691123962893 0.1020002787075741 0
1691123962894 0.10158249242383402 0
1691123962895 0.1011857039165071 0
1691123962896 0.10065192470485053 0
1691123962897 0.10020645087280303 0
1691123962898 0.10007254664394252 0
1691123962899 0.09973001678694203 0
1691123962900 0.09899969371522668 0
1691123962901 0.09844535122987483 0
1691123962901 0.09836464774976761 0
1691123962902 0.09792032400584338 0
1691123962903 0.0976983131928714 0
1691123962904 0.09754303426865575 0
1691123962905 0.09738174058539961 0
1691123962906 0.09682271647083732 0
1691123962907 0.09634701480233805 0
1691123962908 0.09629299484294335 0
1691123962909 0.09562372273384344 0
1691123962910 0.09558270681361904 0
1691123962911 0.09492761824348918 0
1691123962912 0.09449772080151059 0
1691123962913 0.09393944998194124 0
1691123962915 0.09379935910920559 0
1691123962918 0.0933139505287644 0
1691123962920 0.09276337186411754 0
1691123962922 0.09256956657345 0
1691123962924 0.09223731874945301 0
1691123962925 0.09214751084736768 0
1691123962929 0.09207567389066462 0
1691123962930 0.0920273261174236 0
1691123962931 0.0916889314728861 0
1691123962932 0.0913078585907922 0
1691123962933 0.09102240456059685 0
1691123962934 0.09059245692790559 0
1691123962935 0.09039948521189321 0
1691123962936 0.08992661488091695 0
1691123962937 0.0896033103627169 0
1691123962938 0.08947368583311582 0
1691123962939 0.08923915634877967 0
1691123962940 0.08877554029403656 0
1691123962941 0.08832408505670757 0
1691123962942 0.08792273523323292 0
1691123962943 0.08776383002284988 0
1691123962944 0.08751788550862265 0
1691123962945 0.08722138237363326 0
1691123962945 0.08685142074812745 0
1691123962946 0.0866431092902843 0
1691123962947 0.0865595917585553 0
