1691109325264 0.7638570279622009 0
1691109325264 0.7542710680021374 0
1691109325265 0.7439468160672803 0
1691109325266 0.7340513069803676 0
1691109325267 0.7248584638466731 0
1691109325267 0.7163723682266879 0
1691109325268 0.7077180237734372 0
1691109325269 0.6991971877570801 0
1691109325269 0.690354066315146 0
1691109325270 0.6813871576573366 0
1691109325271 0.672791819788265 0
1691109325271 0.6642401128751234 0
1691109325272 0.6562312247331179 0
1691109325273 0.6477511298619314 0
1691109325274 0.6400236708000857 0
1691109325274 0.6326000065896602 0
1691109325275 0.6251777218234531 0
1691109325276 0.6180682154245201 0
1691109325277 0.6109497319420434 0
1691109325278 0.6032349334441156 0
1691109325278 0.596075245947121 0
1691109325279 0.5893416724590789 0
1691109325280 0.5824075951135446 0
1691109325280 0.576032320637233 0
1691109325281 0.5691373354263419 0
1691109325282 0.5628346572491343 0
1691109325282 0.556618346069792 0
1691109325283 0.5508269376860113 0
1691109325284 0.544977746486345 0
1691109325285 0.5391297055334976 0
1691109325285 0.5334476102763884 0
1691109325286 0.5279188862498415 0
1691109325287 0.5223755061451492 0
1691109325288 0.5162644302295818 0
1691109325289 0.5104351476189082 0
1691109325289 0.5046031830843279 0
1691109325290 0.4990828197360722 0
1691109325291 0.4934777238540125 0
1691109325291 0.4879501125221829 0
1691109325292 0.48288474584363145 0
1691109325293 0.47811393328050983 0
1691109325293 0.47324618333713536 0
1691109325294 0.46818169328280457 0
1691109325295 0.4632483101254589 0
1691109325296 0.45880982497900646 0
1691109325296 0.4544300278030058 0
1691109325297 0.45016206918179474 0
1691109325298 0.4453422084404928 0
1691109325298 0.44122884408921614 0
1691109325299 0.4371573683697999 0
1691109325300 0.43301936528780943 0
1691109325300 0.42876020045875174 0
1691109325301 0.42482514939897975 0
1691109325302 0.4210361147401322 0
1691109325303 0.4168383516686304 0
1691109325303 0.41317254821485716 0
1691109325304 0.4094390023597379 0
1691109325305 0.4058113525842482 0
1691109325305 0.4018104374290754 0
1691109325306 0.3983487655164258 0
1691109325307 0.3944782035309336 0
1691109325308 0.3908630023839143 0
1691109325308 0.3876146441214145 0
1691109325309 0.38429840535028054 0
1691109325310 0.38133173515859453 0
1691109325310 0.37816804069755977 0
1691109325311 0.3751413961170953 0
1691109325312 0.3719929600136018 0
1691109325312 0.3689129269646607 0
1691109325313 0.3659875828392086 0
1691109325314 0.36268688336480087 0
1691109325314 0.35985235858562326 0
1691109325315 0.3570429833204837 0
1691109325316 0.35393616113959664 0
1691109325317 0.350882576406003 0
1691109325317 0.3481299306530258 0
1691109325318 0.34562910476830594 0
1691109325319 0.3426715036751903 0
1691109325319 0.34013935147868246 0
1691109325320 0.3373643530586121 0
1691109325321 0.33489164201101684 0
1691109325322 0.3325387476206777 0
1691109325322 0.3301479976181484 0
1691109325323 0.3274954485356156 0
1691109325324 0.32513328685061216 0
1691109325324 0.3228994248534259 0
1691109325325 0.3207257680996586 0
1691109325326 0.31820240990198617 0
1691109325326 0.31608213052423195 0
1691109325327 0.31359062658023623 0
1691109325328 0.31159538174347856 0
1691109325329 0.30917922884304033 0
1691109325329 0.30716507657495085 0
1691109325330 0.3051785811200061 0
1691109325331 0.30287648505323844 0
1691109325331 0.30063055228253294 0
1691109325332 0.29864774863568627 0
1691109325333 0.2964308132523593 0
1691109325333 0.2946453272946247 0
1691109325334 0.2925876727363342 0
