1691109343931 0.7619771099329311 0
1691109343933 0.7505688260383921 0
1691109343934 0.7391574686504092 0
1691109343935 0.728106264871335 0
1691109343936 0.7171691378436071 0
1691109343938 0.7063840737499901 0
1691109343939 0.6960822940692613 0
1691109343940 0.6857748098073887 0
1691109343941 0.6756588328828814 0
1691109343943 0.6657087353014868 0
1691109343944 0.6559999432024188 0
1691109343945 0.6463765425043558 0
1691109343946 0.6370669333763938 0
1691109343947 0.627895079536429 0
1691109343948 0.6188935630292525 0
1691109343950 0.6099944895892689 0
1691109343951 0.6013560248162486 0
1691109343953 0.5928371342342631 0
1691109343954 0.5845575238194991 0
1691109343955 0.5763454443214355 0
1691109343957 0.5684425303114592 0
1691109343958 0.5604986369370824 0
1691109343958 0.5527328223594029 0
1691109343959 0.5451642875097887 0
1691109343960 0.5377091265879855 0
1691109343961 0.5303971730457653 0
1691109343963 0.5232821731837567 0
1691109343964 0.5163531791682268 0
1691109343965 0.509463218473653 0
1691109343970 0.502663062130011 0
1691109343971 0.4960702235655755 0
1691109343974 0.4895766879292185 0
1691109343976 0.48321043892101095 0
1691109343977 0.4770115851167158 0
1691109343978 0.47084540272293873 0
1691109343978 0.46485993443108786 0
1691109343979 0.4588560763608457 0
1691109343980 0.4530625990611007 0
1691109343980 0.44737605631650607 0
1691109343981 0.44175820974631264 0
1691109343982 0.4362445661164459 0
1691109343982 0.43085845436343595 0
1691109343983 0.4255637787590666 0
1691109343984 0.42047460672837694 0
1691109343985 0.4153590609157858 0
1691109343985 0.41039850493557906 0
1691109343986 0.4055145713128239 0
1691109343987 0.400708291619262 0
1691109343988 0.3960766165842267 0
1691109343988 0.3914446901562805 0
1691109343989 0.38693105182274423 0
1691109343990 0.38247558775938345 0
1691109343990 0.3780605148543579 0
1691109343991 0.3737451442552441 0
1691109343992 0.36947384703434305 0
1691109343993 0.365284137868813 0
1691109343993 0.361210219273893 0
1691109343994 0.3572563854255551 0
1691109343995 0.35330761700709135 0
1691109343995 0.34939408029134544 0
1691109343996 0.3456097792435374 0
1691109343997 0.34185440804598444 0
1691109343997 0.33814862175399746 0
1691109343998 0.3345620487286207 0
1691109343999 0.33092018427785175 0
1691109344000 0.32748823247672837 0
1691109344000 0.3239237216884218 0
1691109344001 0.3205111230654118 0
1691109344002 0.3172664326232244 0
1691109344003 0.3139466500426471 0
1691109344004 0.3107005856697823 0
1691109344004 0.30752632978808153 0
1691109344005 0.3043970806355555 0
1691109344006 0.30142878760468844 0
1691109344007 0.2984440745877098 0
1691109344007 0.29550054170559964 0
1691109344008 0.29253681795897246 0
1691109344009 0.2898045132057988 0
1691109344009 0.28700709981083017 0
1691109344010 0.2842482036529468 0
1691109344011 0.28164430938892915 0
1691109344012 0.27898788848510936 0
1691109344012 0.2763088823971587 0
1691109344013 0.27373495415644955 0
1691109344014 0.27126528103175085 0
1691109344014 0.26874763915836036 0
1691109344015 0.26642009812850254 0
1691109344016 0.2640909611949787 0
1691109344017 0.26181471933253175 0
1691109344017 0.25950316305575705 0
1691109344018 0.25722354912547235 0
1691109344019 0.2550132538151301 0
1691109344020 0.25284092005796766 0
1691109344020 0.2507527363568135 0
1691109344021 0.24869807148230058 0
1691109344022 0.24655804113645619 0
1691109344023 0.24447833345059392 0
1691109344023 0.24244611028114224 0
1691109344024 0.24054506939850218 0
1691109344025 0.23858687714729318 0
