1691112715768 0.7638570279622009 0
1691112715769 0.7541238648510138 0
1691112715769 0.7445843916857398 0
1691112715770 0.7352347540364548 0
1691112715771 0.7260711741763901 0
1691112715772 0.7170899495555403 0
1691112715773 0.7082874513046458 0
1691112715774 0.6996598236470337 0
1691112715774 0.6911995442332658 0
1691112715775 0.6829073558764416 0
1691112715776 0.6747759512062945 0
1691112715777 0.6668061222449901 0
1691112715778 0.6589876916624328 0
1691112715779 0.6513233459114522 0
1691112715780 0.6438044949920992 0
1691112715782 0.6364338289575151 0
1691112715783 0.6292029846807189 0
1691112715784 0.6221146535083737 0
1691112715784 0.6151606924808369 0
1691112715785 0.6083424596443199 0
1691112715786 0.6016539947421843 0
1691112715787 0.5950961888714195 0
1691112715788 0.5886631149604593 0
1691112715789 0.5823551714161406 0
1691112715790 0.5761670714951387 0
1691112715791 0.5700960604465629 0
1691112715792 0.5641409878567194 0
1691112715793 0.5582995000393447 0
1691112715793 0.5514823981245621 0
1691112715794 0.5458001108535777 0
1691112715795 0.539998502983196 0
1691112715796 0.5335260460024899 0
1691112715797 0.5278848409323081 0
1691112715797 0.5223931213238476 0
1691112715798 0.5172390835375945 0
1691112715799 0.51118166470433 0
1691112715800 0.5052446131698404 0
1691112715801 0.4999560176361622 0
1691112715802 0.4950650380458514 0
1691112715802 0.49012091406210134 0
1691112715803 0.4851043259309154 0
1691112715804 0.47962929684496225 0
1691112715805 0.47510573705803844 0
1691112715806 0.47046671467683415 0
1691112715806 0.46593294121632545 0
1691112715807 0.46080041066681743 0
1691112715808 0.45657355300299673 0
1691112715809 0.4516116608157105 0
1691112715810 0.4472147142253872 0
1691112715811 0.44306018342131603 0
1691112715811 0.4383334071292148 0
1691112715812 0.43369986476197975 0
1691112715813 0.42974586795465813 0
1691112715814 0.4254028287274806 0
1691112715815 0.4215548424491677 0
1691112715815 0.4173828358322414 0
1691112715816 0.413651280171599 0
1691112715817 0.40962100359157966 0
1691112715818 0.4060270350808132 0
1691112715819 0.4021321110760863 0
1691112715820 0.39876020279644664 0
1691112715821 0.3948180768161987 0
1691112715822 0.39133732147454703 0
1691112715823 0.3876928718152012 0
1691112715823 0.38453990550465755 0
1691112715824 0.38099031552587825 0
1691112715825 0.3778400309298384 0
1691112715826 0.3744331790814408 0
1691112715827 0.37137056956305886 0
1691112715828 0.3680509130573359 0
1691112715829 0.36479414673952404 0
1691112715830 0.36189597440332116 0
1691112715831 0.35913528011553036 0
1691112715832 0.35588569841929985 0
1691112715833 0.35266476943761865 0
1691112715834 0.3499245899485705 0
1691112715834 0.34699276107805854 0
1691112715835 0.34437800445364997 0
1691112715836 0.3415463268087336 0
1691112715837 0.33900246243974 0
1691112715837 0.3362643627127879 0
1691112715838 0.33382358116349803 0
1691112715839 0.3311770887880866 0
1691112715840 0.3288713359066133 0
1691112715841 0.32611883430757155 0
1691112715842 0.32378447613866373 0
1691112715843 0.321120884907761 0
1691112715844 0.31851197758169447 0
1691112715845 0.3163867422661266 0
1691112715846 0.31385748750753306 0
1691112715847 0.3113789544133198 0
1691112715848 0.30924706010072517 0
1691112715849 0.3068460676711865 0
1691112715850 0.30489103502414194 0
1691112715850 0.302565798885696 0
1691112715851 0.3002954746977178 0
1691112715852 0.29828303379715587 0
1691112715853 0.29620320354654767 0
1691112715854 0.2943651687162469 0
1691112715854 0.2923521149003003 0
