1691109454928 0.6566694373199743 0
1691109454929 0.5594168480025711 0
1691109454930 0.48101343126457263 0
1691109454931 0.416550874676902 0
1691109454931 0.36393680370425113 0
1691109454932 0.3206935692964232 0
1691109454933 0.28542457858525644 0
1691109454934 0.2561607330104261 0
1691109454935 0.23129702220575055 0
1691109454936 0.21121149412655688 0
1691109454937 0.19389644870363726 0
1691109454938 0.17939047001311517 0
1691109454939 0.16762054475382598 0
1691109454939 0.15646263323594742 0
1691109454940 0.14778660330279964 0
1691109454941 0.14039941063521463 0
1691109454942 0.13410768570583906 0
1691109454942 0.12836992831047 0
1691109454943 0.12376333949839231 0
1691109454944 0.11989314628538797 0
1691109454945 0.11608163957242884 0
1691109454946 0.11304318720042736 0
1691109454946 0.11055506969457489 0
1691109454947 0.10782072572051246 0
1691109454948 0.10550057987535237 0
1691109454949 0.10346168232754856 0
1691109454949 0.10185119312257986 0
1691109454950 0.10044545607509246 0
1691109454951 0.09890675212652136 0
1691109454952 0.09751281276450628 0
1691109454953 0.09626627722644297 0
1691109454953 0.09493001407866644 0
1691109454954 0.09366852232938835 0
1691109454955 0.09251443571604137 0
1691109454956 0.091791967442711 0
1691109454956 0.09087009199424884 0
1691109454957 0.08988973141795037 0
1691109454958 0.08896216052859075 0
1691109454959 0.08788165037461884 0
1691109454960 0.08707207715196164 0
1691109454960 0.08642471365379673 0
1691109454961 0.0857247446942237 0
1691109454962 0.0850626273960227 0
1691109454963 0.08444263078282652 0
1691109454964 0.08359188350786945 0
1691109454964 0.08292511670755237 0
1691109454965 0.08266880052029381 0
1691109454966 0.0820100470978522 0
1691109454967 0.08147999737891837 0
1691109454967 0.08115912739899783 0
1691109454968 0.08050915278630737 0
1691109454969 0.0802673379793502 0
1691109454970 0.08011041093591664 0
1691109454971 0.07986298441866438 0
1691109454971 0.07928690397941303 0
1691109454972 0.07896297740348159 0
1691109454973 0.07870965842921361 0
1691109454974 0.07850845846320235 0
1691109454974 0.07819338538476155 0
1691109454975 0.0778543814313632 0
1691109454976 0.07782202975139801 0
1691109454977 0.0776331971077922 0
1691109454978 0.07738093620065542 0
1691109454978 0.07724999746466318 0
1691109454979 0.0769207389691886 0
1691109454980 0.0768891781987302 0
1691109454981 0.07663357654619944 0
1691109454981 0.07590634446677381 0
1691109454982 0.07544752755888744 0
1691109454983 0.07505695043231726 0
1691109454984 0.07480085014017163 0
1691109454985 0.07422195672945542 0
1691109454985 0.07371886491729775 0
1691109454986 0.07350025983263438 0
1691109454987 0.07303279206487827 0
1691109454988 0.07296470162179629 0
1691109454988 0.072834746505277 0
1691109454989 0.07196189946157244 0
1691109454990 0.07173294624968501 0
1691109454991 0.0716412417734463 0
1691109454992 0.07127542403137768 0
1691109454992 0.070997019856381 0
1691109454993 0.07094980616349772 0
1691109454994 0.07064243036048828 0
1691109454995 0.07059988032839369 0
1691109454996 0.07027452382822234 0
1691109454996 0.06993549297771355 0
1691109454997 0.06975435406986027 0
1691109454998 0.06969278005416024 0
1691109454999 0.06941800390286725 0
1691109455000 0.06926646890586434 0
1691109455001 0.06919794150823669 0
1691109455004 0.06881310729316599 0
1691109455006 0.06845255600975901 0
1691109455007 0.06800077279471406 0
1691109455009 0.06787563287221253 0
1691109455011 0.06730951675506379 0
1691109455013 0.06725222788033458 0
1691109455014 0.06696611379937603 0
1691109455015 0.06660712553981474 0
