1691123868961 0.76143271387198 0
1691123868962 0.7494766052122085 0
1691123868963 0.7376228970736862 0
1691123868965 0.7260245172250206 0
1691123868967 0.7145378444076237 0
1691123868968 0.7033700370462631 0
1691123868970 0.6924178687933825 0
1691123868970 0.6817384857261929 0
1691123868971 0.6711907781098875 0
1691123868972 0.660969445864954 0
1691123868973 0.6508209355583557 0
1691123868974 0.6408656046963737 0
1691123868975 0.6311185832660416 0
1691123868976 0.6215324032385942 0
1691123868977 0.6120889005067978 0
1691123868978 0.6028701966922922 0
1691123868979 0.5938589976377898 0
1691123868980 0.5849725053971155 0
1691123868981 0.5762827254947172 0
1691123868981 0.5677081509899288 0
1691123868983 0.55943752014472 0
1691123868983 0.5512702385813055 0
1691123868984 0.5432040929707321 0
1691123868985 0.5352816912269179 0
1691123868986 0.5274582697801483 0
1691123868987 0.5199177223675705 0
1691123868988 0.512406515064978 0
1691123868989 0.5051104056631112 0
1691123868990 0.49799824705877715 0
1691123868991 0.49105266863804015 0
1691123868992 0.4841644207304012 0
1691123868993 0.4773457530399103 0
1691123868993 0.4707189120468902 0
1691123868994 0.4642878724128877 0
1691123868995 0.45787191918418213 0
1691123868996 0.45152702952657275 0
1691123868997 0.44538449766535226 0
1691123868998 0.4393112232385085 0
1691123868999 0.4333626074459113 0
1691123869000 0.4275924261038993 0
1691123869001 0.4219127721376063 0
1691123869002 0.4162987929732874 0
1691123869003 0.41085073278800804 0
1691123869003 0.4054659417678351 0
1691123869004 0.4001716519027431 0
1691123869005 0.39498879614172405 0
1691123869006 0.389913673512314 0
1691123869007 0.3849272116456886 0
1691123869008 0.3799978757675513 0
1691123869009 0.3751742517968209 0
1691123869010 0.3704229722151106 0
1691123869011 0.36567380898886614 0
1691123869012 0.36115400474529574 0
1691123869013 0.35669827679486854 0
1691123869014 0.35241935007116765 0
1691123869015 0.3480490451675561 0
1691123869016 0.34381423427826285 0
1691123869017 0.33969714573373794 0
1691123869017 0.33560199106604466 0
1691123869018 0.33162380307007405 0
1691123869019 0.3277369147164454 0
1691123869020 0.32393422854237186 0
1691123869021 0.32010489819430715 0
1691123869022 0.31643445660919606 0
1691123869023 0.31276627715487615 0
1691123869024 0.3091875557372652 0
1691123869025 0.3056725622895678 0
1691123869026 0.30225540686809504 0
1691123869027 0.2988669025119309 0
1691123869027 0.2955292909554494 0
1691123869028 0.2923061289849631 0
1691123869029 0.289083904465449 0
1691123869030 0.2858911692535859 0
1691123869031 0.28283108904573573 0
1691123869032 0.2798242866687382 0
1691123869033 0.27694191291866105 0
1691123869034 0.2740227370366967 0
1691123869035 0.27114765109118255 0
1691123869036 0.268265203175651 0
1691123869037 0.26553028062318884 0
1691123869038 0.26283966355063626 0
1691123869039 0.26016880795737624 0
1691123869040 0.25758334213836853 0
1691123869041 0.25503772925946955 0
1691123869042 0.2524940391664527 0
1691123869043 0.2500361605423267 0
1691123869044 0.24750842288427335 0
1691123869045 0.24514669119739393 0
1691123869046 0.2427700943447965 0
1691123869047 0.24042302820727293 0
1691123869047 0.2380916453008052 0
1691123869048 0.23582629942902492 0
1691123869049 0.23368993660551993 0
1691123869050 0.23153360844589627 0
1691123869051 0.22943146561980204 0
1691123869052 0.2272812198008776 0
1691123869053 0.22524133896883777 0
1691123869054 0.22325937560985495 0
1691123869055 0.22129068150475756 0
1691123869056 0.21937365030992612 0
