1691109418019 0.6789712663712169 0
1691109418020 0.6049201387069273 0
1691109418021 0.5323345511403367 0
1691109418021 0.47885252698800096 0
1691109418022 0.42908345796902114 0
1691109418023 0.39098878248286306 0
1691109418024 0.35935940230253155 0
1691109418024 0.3277685504965734 0
1691109418025 0.3028514545469984 0
1691109418026 0.28454376391162073 0
1691109418027 0.2657622104032639 0
1691109418028 0.25020531261485607 0
1691109418029 0.23816419442675124 0
1691109418030 0.22564321922034994 0
1691109418031 0.21572454670144253 0
1691109418032 0.20699061788860393 0
1691109418033 0.20044985059754086 0
1691109418033 0.19376932148520956 0
1691109418034 0.18815373098380359 0
1691109418035 0.18316636202245645 0
1691109418036 0.1790830017567584 0
1691109418037 0.17509452540898568 0
1691109418038 0.1718813534753545 0
1691109418038 0.1689219493128568 0
1691109418039 0.16638361867399598 0
1691109418040 0.16389055148825665 0
1691109418041 0.16167739977771317 0
1691109418042 0.1596584376819892 0
1691109418042 0.15803530335298266 0
1691109418043 0.15616005495266091 0
1691109418044 0.15476719607575 0
1691109418045 0.1533438176512885 0
1691109418045 0.15201636433155197 0
1691109418046 0.15083852483089039 0
1691109418047 0.14924434468377704 0
1691109418048 0.14851838878815976 0
1691109418048 0.14769598638456835 0
1691109418049 0.14677972839015763 0
1691109418050 0.1459340305520398 0
1691109418051 0.14530635172616765 0
1691109418051 0.14445532290766136 0
1691109418052 0.14386991252050196 0
1691109418053 0.14335647339059385 0
1691109418054 0.1429276384457382 0
1691109418054 0.14248493347379715 0
1691109418055 0.14201561918026023 0
1691109418056 0.14138129132687033 0
1691109418057 0.14103641744131498 0
1691109418057 0.14066538159953862 0
1691109418058 0.14034621940234615 0
1691109418059 0.14008555237521247 0
1691109418060 0.13974839362205443 0
1691109418060 0.13948728514897024 0
1691109418061 0.13924987241796927 0
1691109418062 0.13887555518106848 0
1691109418063 0.1387023220202438 0
1691109418063 0.13848717528299395 0
1691109418064 0.13819497711046114 0
1691109418065 0.13798061645976295 0
1691109418066 0.13769540803871014 0
1691109418066 0.13734353506138022 0
1691109418067 0.1369042926742531 0
1691109418068 0.13672407378228588 0
1691109418069 0.1364879625712577 0
1691109418069 0.13625051774305094 0
1691109418070 0.13611145713732337 0
1691109418071 0.13592334164852587 0
1691109418072 0.1358022228686958 0
1691109418073 0.13555771780613476 0
1691109418074 0.13519691952781612 0
1691109418075 0.13512355414673707 0
1691109418076 0.13498560374024784 0
1691109418077 0.13460647528195643 0
1691109418077 0.13430266688920992 0
1691109418078 0.1336235510081294 0
1691109418079 0.13347853920639718 0
1691109418080 0.1334100686383994 0
1691109418080 0.13312691209945493 0
1691109418081 0.13216487242016486 0
1691109418082 0.13206463566681698 0
1691109418083 0.13182602523235248 0
1691109418084 0.1317167423699708 0
1691109418084 0.13147440708199823 0
1691109418085 0.1311187057709041 0
1691109418086 0.13105381409335995 0
1691109418087 0.13098853294242577 0
1691109418088 0.1304784745108687 0
1691109418089 0.1301943312249996 0
1691109418090 0.13008804330941934 0
1691109418091 0.12987613835140288 0
1691109418092 0.12983948284172003 0
1691109418093 0.12963994676366022 0
1691109418094 0.1296066034574628 0
1691109418095 0.12952098191048803 0
1691109418095 0.12937034015569523 0
1691109418096 0.12920465153417499 0
1691109418097 0.12910972366346712 0
1691109418098 0.12880686282178166 0
1691109418098 0.128779101930624 0
1691109418099 0.12872644680865883 0
