1691112721262 0.7638570279622009 0
1691112721263 0.7541058632944928 0
1691112721263 0.7446874714854933 0
1691112721264 0.7353166415430465 0
1691112721265 0.7261322911164544 0
1691112721266 0.7171307092633519 0
1691112721267 0.7083423568966382 0
1691112721267 0.6996904639363275 0
1691112721268 0.6912472476561685 0
1691112721269 0.6829343973114769 0
1691112721270 0.674587412202121 0
1691112721271 0.6665824035230402 0
1691112721271 0.6587366945166732 0
1691112721272 0.6512391791730553 0
1691112721273 0.6438593079824552 0
1691112721274 0.6365035827058011 0
1691112721275 0.6292361805039911 0
1691112721275 0.6221264860821291 0
1691112721276 0.6141505807917239 0
1691112721277 0.6063971807949479 0
1691112721278 0.5996542774164928 0
1691112721279 0.5930452420138511 0
1691112721280 0.5865665305024547 0
1691112721281 0.5802143751641767 0
1691112721282 0.5732126748808016 0
1691112721283 0.567102465122437 0
1691112721284 0.5611043631190296 0
1691112721285 0.5552256066581637 0
1691112721285 0.5494592766158333 0
1691112721286 0.5438016942441428 0
1691112721287 0.5382562291692944 0
1691112721288 0.5328086050257116 0
1691112721289 0.526475646606561 0
1691112721289 0.5211772859758257 0
1691112721290 0.5159169419240522 0
1691112721291 0.5098990821737123 0
1691112721292 0.5046750610740162 0
1691112721293 0.4988541894738773 0
1691112721294 0.49381909008537955 0
1691112721294 0.48904284398656345 0
1691112721295 0.4835081537227904 0
1691112721296 0.47872183645089494 0
1691112721297 0.4736157787653997 0
1691112721297 0.46898962262511823 0
1691112721298 0.46441875597840476 0
1691112721299 0.45995573116468674 0
1691112721300 0.4555696244524772 0
1691112721301 0.4510986115112359 0
1691112721301 0.4470036915488139 0
1691112721302 0.44219958553524863 0
1691112721303 0.43754617124195117 0
1691112721304 0.4335142947740143 0
1691112721305 0.4291811978129162 0
1691112721305 0.4247107595817085 0
1691112721306 0.42084989290427605 0
1691112721307 0.4166940728886798 0
1691112721308 0.41297784366839224 0
1691112721309 0.4093196792094014 0
1691112721309 0.40572917240854095 0
1691112721310 0.40180627934723523 0
1691112721311 0.3984428128874833 0
1691112721312 0.3947893081343307 0
1691112721313 0.3910648076747277 0
1691112721313 0.3877441450227894 0
1691112721314 0.38428263930333867 0
1691112721315 0.38059938452519404 0
1691112721316 0.37743774758071397 0
1691112721317 0.37403811743327586 0
1691112721317 0.3710074089155833 0
1691112721318 0.36783323523148787 0
1691112721319 0.3643934258906651 0
1691112721320 0.36150383302131794 0
1691112721321 0.3582534959147927 0
1691112721321 0.3554119371148487 0
1691112721322 0.3523000123081743 0
1691112721323 0.349298776682207 0
1691112721324 0.3466377224325005 0
1691112721325 0.343968146026903 0
1691112721325 0.3411082780087584 0
1691112721326 0.3383327324633594 0
1691112721327 0.33541147647389385 0
1691112721328 0.3330219604929939 0
1691112721329 0.3301959117875394 0
1691112721329 0.32774239531144134 0
1691112721330 0.32518134247557706 0
1691112721331 0.32292443604706217 0
1691112721332 0.320271869901899 0
1691112721332 0.3178359054838261 0
1691112721333 0.31570995711468286 0
1691112721334 0.3131854323855807 0
1691112721335 0.31101949968716275 0
1691112721336 0.308634086465317 0
1691112721337 0.30637359017895727 0
1691112721338 0.30427112753715224 0
1691112721339 0.3019414398064058 0
1691112721339 0.2999877482323535 0
1691112721340 0.29786916427576327 0
1691112721341 0.2958695177645972 0
1691112721342 0.29381812072023417 0
1691112721343 0.2920234034852273 0
