1691109337357 0.7626713683763988 0
1691109337358 0.7520249967219298 0
1691109337359 0.7413295181302599 0
1691109337360 0.7308906636047557 0
1691109337360 0.7209561796734396 0
1691109337361 0.7111124627143192 0
1691109337362 0.7014262636761399 0
1691109337362 0.6919721045116699 0
1691109337363 0.6823511213690336 0
1691109337364 0.6733943563409547 0
1691109337365 0.6642411461623479 0
1691109337366 0.6550561059506161 0
1691109337367 0.6463050009827438 0
1691109337368 0.6376792690836195 0
1691109337369 0.6293541657811902 0
1691109337370 0.620971118920287 0
1691109337370 0.6129657260366774 0
1691109337371 0.605199784352529 0
1691109337372 0.597254917540665 0
1691109337373 0.5897390220398377 0
1691109337373 0.5821080751982477 0
1691109337374 0.5750910081285231 0
1691109337375 0.5677751899752709 0
1691109337375 0.5608325249460994 0
1691109337376 0.553877348904718 0
1691109337377 0.5469024639945181 0
1691109337378 0.5398876854182688 0
1691109337378 0.5332290416064706 0
1691109337379 0.5264164298050354 0
1691109337380 0.5197263154508469 0
1691109337380 0.5136202269316467 0
1691109337381 0.5075370953452284 0
1691109337382 0.5015851371829568 0
1691109337382 0.4953025997359754 0
1691109337383 0.4894032034312432 0
1691109337384 0.483914881830198 0
1691109337385 0.4783898685665188 0
1691109337385 0.4726763412118729 0
1691109337386 0.46703491055538515 0
1691109337387 0.4615373547564568 0
1691109337388 0.4564410736027028 0
1691109337389 0.4514256887776273 0
1691109337389 0.44631171744432885 0
1691109337390 0.4414122950428563 0
1691109337391 0.4365390850184301 0
1691109337391 0.4318027770515852 0
1691109337392 0.4270723499859344 0
1691109337393 0.4224549925138973 0
1691109337394 0.4180370470850585 0
1691109337394 0.4136284410858053 0
1691109337395 0.4093591143538213 0
1691109337396 0.405084181403086 0
1691109337396 0.4008661117106412 0
1691109337397 0.3966857614112097 0
1691109337398 0.3925559781049261 0
1691109337398 0.38847608183486637 0
1691109337399 0.38430836889842696 0
1691109337400 0.38019271393821086 0
1691109337401 0.3761507802962818 0
1691109337401 0.3721637668280805 0
1691109337402 0.3684477020309672 0
1691109337403 0.364892180421016 0
1691109337403 0.3612768028294558 0
1691109337404 0.3578063474238145 0
1691109337405 0.35438156851831 0
1691109337406 0.35091975588531216 0
1691109337406 0.34767032931002734 0
1691109337407 0.3444893647312088 0
1691109337408 0.3412907028434857 0
1691109337408 0.3381597260673742 0
1691109337409 0.3350816115278335 0
1691109337410 0.33213855280836585 0
1691109337410 0.32912112506132224 0
1691109337411 0.32622114970566707 0
1691109337412 0.323122835988529 0
1691109337412 0.3202844448922042 0
1691109337413 0.3174569571220029 0
1691109337414 0.31449524883522173 0
1691109337415 0.31157254669880313 0
1691109337415 0.3089002554281357 0
1691109337416 0.3063194015106896 0
1691109337417 0.303559282527312 0
1691109337417 0.30087895768585526 0
1691109337418 0.29834391059883675 0
1691109337419 0.2958861979599796 0
1691109337420 0.2935656756078916 0
1691109337420 0.29103605827061857 0
1691109337421 0.2886623303078195 0
1691109337422 0.286165194882147 0
1691109337422 0.28384662714376185 0
1691109337423 0.28162655057411745 0
1691109337424 0.27929813605723813 0
1691109337424 0.2771461964710458 0
1691109337425 0.2749730225817058 0
1691109337426 0.27287216651320656 0
1691109337426 0.270703410667168 0
1691109337427 0.2687418433396277 0
1691109337428 0.26675950339996507 0
1691109337429 0.2649018471875476 0
1691109337429 0.2629598734465727 0
