1691112781819 0.719566326976977 0
1691112781820 0.6705335732694953 0
1691112781821 0.6262026506732952 0
1691112781822 0.5859231810003601 0
1691112781823 0.549468762925979 0
1691112781824 0.5157124288669918 0
1691112781824 0.4851836847059723 0
1691112781825 0.4572841021548568 0
1691112781827 0.43212081372497557 0
1691112781829 0.4082617559529608 0
1691112781830 0.3870727356948308 0
1691112781832 0.36750175609173497 0
1691112781833 0.34917568402499755 0
1691112781835 0.33220329984894864 0
1691112781837 0.3168011025580353 0
1691112781839 0.30279932950555916 0
1691112781840 0.290331436922951 0
1691112781840 0.2786509504316507 0
1691112781841 0.2677159329489858 0
1691112781842 0.258219125600168 0
1691112781843 0.24896287217417942 0
1691112781844 0.24100006088764675 0
1691112781845 0.23335192310524336 0
1691112781845 0.22664098058485638 0
1691112781846 0.219921726032348 0
1691112781847 0.2139780838066112 0
1691112781848 0.20802812870836906 0
1691112781849 0.20301315509953746 0
1691112781850 0.19801653691132595 0
1691112781850 0.19369107617398895 0
1691112781851 0.1894874824832527 0
1691112781852 0.18575919888749273 0
1691112781853 0.18238740720666488 0
1691112781854 0.1788514764705064 0
1691112781855 0.1757233553837278 0
1691112781855 0.17300466374741094 0
1691112781856 0.17039733349715017 0
1691112781857 0.1679274882313377 0
1691112781858 0.16540943065025301 0
1691112781859 0.16307935640692736 0
1691112781860 0.16096487407214316 0
1691112781860 0.1589282419830153 0
1691112781861 0.15717840147764967 0
1691112781862 0.15551121870416526 0
1691112781863 0.15380594254082613 0
1691112781864 0.1522498372099739 0
1691112781864 0.15063641482831802 0
1691112781865 0.1492902124491923 0
1691112781866 0.14797670699795423 0
1691112781867 0.14662012335548155 0
1691112781868 0.145550062475182 0
1691112781869 0.14444771935189302 0
1691112781869 0.14336049462811445 0
1691112781870 0.14214601053720044 0
1691112781871 0.14117190318069467 0
1691112781872 0.14027295475847265 0
1691112781873 0.13943566857162965 0
1691112781874 0.13862850136924848 0
1691112781874 0.137850905568802 0
1691112781875 0.13714934135951465 0
1691112781876 0.13651436748576948 0
1691112781877 0.13588248476349432 0
1691112781878 0.13533808107950598 0
1691112781879 0.13480540953574843 0
1691112781879 0.13420320576374042 0
1691112781880 0.1337037845029479 0
1691112781881 0.13302714309026387 0
1691112781882 0.13256016640229548 0
1691112781883 0.1321206782592353 0
1691112781883 0.13170230480464987 0
1691112781884 0.1311983961178568 0
1691112781885 0.13080608374383978 0
1691112781886 0.13048050080010173 0
1691112781887 0.1301817302999157 0
1691112781888 0.12983028954228665 0
1691112781888 0.1293787539550744 0
1691112781889 0.12911990655955957 0
1691112781890 0.12883542702263545 0
1691112781892 0.12842560825814517 0
1691112781893 0.12796382386773225 0
1691112781893 0.12771915355825475 0
1691112781894 0.12739896236170348 0
1691112781895 0.12712096177568502 0
1691112781896 0.126729429566803 0
1691112781897 0.12632253297656426 0
1691112781898 0.12613169773537436 0
1691112781899 0.1257849770542262 0
1691112781899 0.12542724246378986 0
1691112781900 0.12510161315028634 0
1691112781901 0.12456286037844039 0
1691112781902 0.12426143126879756 0
1691112781903 0.12381212218718078 0
1691112781903 0.12357457116234265 0
1691112781904 0.12315846476915865 0
1691112781905 0.12298733453393888 0
1691112781906 0.12272980861119186 0
1691112781908 0.1223560012491297 0
1691112781909 0.12226202217696151 0
1691112781910 0.12209493712970515 0
1691112781911 0.12198510629328391 0
