1691112873442 0.6550448686864587 0
1691112873444 0.5587813080684999 0
1691112873445 0.4806284637682047 0
1691112873446 0.416443071564991 0
1691112873447 0.3636744975128655 0
1691112873448 0.3207849989312482 0
1691112873448 0.2857950603977044 0
1691112873449 0.25658717110134055 0
1691112873450 0.2326379594141175 0
1691112873451 0.2121135886021016 0
1691112873452 0.19493051115303772 0
1691112873453 0.18082401577212195 0
1691112873454 0.16904417250606524 0
1691112873454 0.15922453048227306 0
1691112873455 0.15080283571925482 0
1691112873456 0.1426234983982255 0
1691112873457 0.13596935572959323 0
1691112873458 0.13017605912210672 0
1691112873459 0.12537962755605397 0
1691112873460 0.12110816810599677 0
1691112873461 0.11776995626289763 0
1691112873462 0.1147148998264369 0
1691112873463 0.11209753777256515 0
1691112873463 0.10992618639263918 0
1691112873464 0.10787874725717585 0
1691112873465 0.10542978260600043 0
1691112873466 0.10324137915057499 0
1691112873467 0.10150699354398393 0
1691112873468 0.10020629446545422 0
1691112873469 0.09873533353948938 0
1691112873470 0.09701554642977948 0
1691112873470 0.0956509921191123 0
1691112873471 0.09446600440936463 0
1691112873472 0.09296952299769316 0
1691112873473 0.0919312556637135 0
1691112873474 0.09083753420150299 0
1691112873475 0.08979876936601794 0
1691112873476 0.08920240195988348 0
1691112873477 0.08847633477379266 0
1691112873478 0.0877583092966325 0
1691112873478 0.08683023757441846 0
1691112873479 0.08603993520330575 0
1691112873480 0.08515496049296224 0
1691112873481 0.084770987363566 0
1691112873482 0.08390515156106343 0
1691112873483 0.08340995102969516 0
1691112873484 0.083191411167459 0
1691112873485 0.08275300535500019 0
1691112873486 0.08216197700105536 0
1691112873486 0.08141417876684429 0
1691112873487 0.08089149498595616 0
1691112873488 0.08053056518232353 0
1691112873489 0.0802242907895906 0
1691112873490 0.07977692509908152 0
1691112873491 0.07921162035813138 0
1691112873492 0.078992349033935 0
1691112873492 0.07873577422154737 0
1691112873493 0.07816010944010428 0
1691112873494 0.07811679253689467 0
1691112873495 0.07769526010487164 0
1691112873496 0.07722431497835984 0
1691112873497 0.07673276913347897 0
1691112873498 0.07646579983165958 0
1691112873499 0.07591300367781774 0
1691112873500 0.07588404559439893 0
1691112873501 0.07543039445213763 0
1691112873501 0.0752444814904702 0
1691112873502 0.0746230856053496 0
1691112873503 0.0742510750713023 0
1691112873504 0.0740109745896714 0
1691112873505 0.07390872948062173 0
1691112873506 0.07372349158887848 0
1691112873507 0.0732863938163978 0
1691112873507 0.07323621769568141 0
1691112873508 0.07310851541782525 0
1691112873509 0.07282374013560897 0
1691112873510 0.07221887897035031 0
1691112873511 0.07160083117788452 0
1691112873512 0.07155310957992397 0
1691112873513 0.07151989094769584 0
1691112873514 0.07110454769832662 0
1691112873514 0.07072068086708902 0
1691112873515 0.07035960612360692 0
1691112873517 0.07033389137440668 0
1691112873518 0.07028964573353923 0
1691112873518 0.06984828188977711 0
1691112873519 0.06977515431138236 0
1691112873521 0.06974197214596664 0
1691112873522 0.06935627924450524 0
1691112873523 0.06882640266703328 0
1691112873524 0.06845795136373166 0
1691112873524 0.0680607836083697 0
1691112873526 0.06773089631868597 0
1691112873527 0.06720576239981953 0
1691112873528 0.06716343157213296 0
1691112873529 0.06664378006395924 0
1691112873530 0.0663344220625886 0
1691112873531 0.06630162430829199 0
1691112873532 0.06598677218198318 0
1691112873532 0.06564113007723008 0
