1691123855427 0.762121881030701 0
1691123855428 0.750436612639174 0
1691123855430 0.7392411075583091 0
1691123855431 0.7280314021306306 0
1691123855433 0.71714988874136 0
1691123855434 0.7064216193246692 0
1691123855435 0.6958732663795901 0
1691123855437 0.685586236278013 0
1691123855438 0.6755103769669853 0
1691123855440 0.6656097352127044 0
1691123855441 0.6559347942634911 0
1691123855443 0.6464390455432817 0
1691123855444 0.6372121866686118 0
1691123855445 0.6279299470626925 0
1691123855446 0.6192638988385423 0
1691123855448 0.6106723867460321 0
1691123855449 0.6019439018320495 0
1691123855450 0.5933217889694673 0
1691123855451 0.5850675153502419 0
1691123855453 0.5769045705868433 0
1691123855454 0.5689564431014535 0
1691123855455 0.5610715223498814 0
1691123855456 0.553279628124018 0
1691123855458 0.5459303403462363 0
1691123855459 0.5384154820662955 0
1691123855460 0.5310320672341134 0
1691123855461 0.523902722136663 0
1691123855462 0.5168117357119766 0
1691123855464 0.5099657524684424 0
1691123855465 0.5031737452292966 0
1691123855467 0.49665000726189845 0
1691123855468 0.4900455875207938 0
1691123855469 0.48383292473127254 0
1691123855471 0.47747218247873024 0
1691123855472 0.4713968885014612 0
1691123855474 0.4653139945299821 0
1691123855475 0.45933221246245026 0
1691123855476 0.45351319909485827 0
1691123855477 0.4478396501095704 0
1691123855478 0.44209142569649196 0
1691123855479 0.43649319038872264 0
1691123855480 0.43098187952087164 0
1691123855481 0.4256567677310758 0
1691123855482 0.4204898239478699 0
1691123855483 0.41535185573880934 0
1691123855484 0.4104236760509339 0
1691123855485 0.40542612136043954 0
1691123855486 0.40047952168109435 0
1691123855487 0.3957152431878761 0
1691123855488 0.3909725985556716 0
1691123855488 0.3863727885151122 0
1691123855489 0.38185390592765683 0
1691123855490 0.3775002015998607 0
1691123855491 0.3731710606923633 0
1691123855492 0.36890091777643763 0
1691123855493 0.3646828262769239 0
1691123855494 0.3605816107221983 0
1691123855495 0.3565384048563123 0
1691123855496 0.3526071675005983 0
1691123855497 0.34867383307083305 0
1691123855498 0.3448339386495885 0
1691123855499 0.3411083290046733 0
1691123855500 0.33742604410863625 0
1691123855501 0.3338286549888156 0
1691123855502 0.33031680002148445 0
1691123855503 0.32688801487118985 0
1691123855504 0.32336117346213694 0
1691123855505 0.3199424007596211 0
1691123855506 0.31659465973779977 0
1691123855507 0.31334361998800864 0
1691123855507 0.31015427931703987 0
1691123855508 0.30698518946722014 0
1691123855509 0.3039211603214154 0
1691123855510 0.3009556588040335 0
1691123855511 0.29793224674661506 0
1691123855512 0.2949320634579253 0
1691123855513 0.2920443342201002 0
1691123855514 0.28923563590825285 0
1691123855515 0.28651191291676553 0
1691123855515 0.28373304099023217 0
1691123855516 0.2810170575844341 0
1691123855517 0.27846054921519237 0
1691123855518 0.27580672139227497 0
1691123855519 0.2732051351170606 0
1691123855520 0.2706800786483158 0
1691123855521 0.26818329230417803 0
1691123855522 0.2658338780855736 0
1691123855523 0.2635121103121246 0
1691123855524 0.2611823122058516 0
1691123855524 0.25885189462317315 0
1691123855525 0.2565645370950753 0
1691123855526 0.2543985577229164 0
1691123855527 0.2521929863755663 0
1691123855528 0.25010711020661697 0
1691123855529 0.24806151993573922 0
1691123855530 0.24606379514134408 0
1691123855531 0.24407166321993595 0
1691123855532 0.24201224728500315 0
1691123855533 0.2400565510529529 0
1691123855533 0.23819901670846905 0
