1691123832476 0.7643389099277299 0
1691123832477 0.7546790690887382 0
1691123832478 0.7444849575065041 0
1691123832479 0.7355338762414158 0
1691123832480 0.7264135225605497 0
1691123832481 0.717655903719192 0
1691123832482 0.7085638280650158 0
1691123832483 0.7001037351708644 0
1691123832484 0.6915150785620366 0
1691123832485 0.6824073804169689 0
1691123832486 0.6735591542512339 0
1691123832487 0.6657503703234395 0
1691123832488 0.6580274975047591 0
1691123832489 0.65035937288874 0
1691123832490 0.6425480642806695 0
1691123832490 0.6347849375643636 0
1691123832491 0.6275133409475034 0
1691123832492 0.6194887639579698 0
1691123832493 0.6126782204915314 0
1691123832494 0.6050689912595747 0
1691123832495 0.5981816462244692 0
1691123832496 0.5915788708291929 0
1691123832497 0.5850878744418296 0
1691123832498 0.5787919918056881 0
1691123832499 0.5724019546992529 0
1691123832499 0.5655462255881956 0
1691123832500 0.5596742192432141 0
1691123832501 0.5531470104959276 0
1691123832502 0.5467744619471697 0
1691123832503 0.5409247728330573 0
1691123832504 0.5353603748724188 0
1691123832505 0.529000939883081 0
1691123832506 0.5236748244813589 0
1691123832507 0.5175803155826287 0
1691123832508 0.5121044270461623 0
1691123832509 0.5069154818140457 0
1691123832509 0.5011257674088212 0
1691123832510 0.4960817747422258 0
1691123832511 0.49120173346891044 0
1691123832512 0.4858292799797713 0
1691123832513 0.48111186013755125 0
1691123832514 0.47650714970393354 0
1691123832515 0.47177669824931195 0
1691123832516 0.46727090557935885 0
1691123832517 0.4627107201467575 0
1691123832517 0.4583693444378971 0
1691123832518 0.45339527847287836 0
1691123832519 0.44932340252908765 0
1691123832520 0.4445208514888767 0
1691123832521 0.440310910222688 0
1691123832522 0.4362334484979845 0
1691123832523 0.431862966284085 0
1691123832524 0.42796977659345764 0
1691123832525 0.42362108737087684 0
1691123832526 0.419408102895544 0
1691123832527 0.41565530922742755 0
1691123832527 0.41214719690232066 0
1691123832528 0.4080098842998721 0
1691123832529 0.40395505427441386 0
1691123832531 0.4005358626492104 0
1691123832532 0.39678071070774007 0
1691123832533 0.39294814527984884 0
1691123832534 0.38972555808698833 0
1691123832535 0.38646886879873726 0
1691123832536 0.38277671584921497 0
1691123832537 0.3791856877607162 0
1691123832538 0.37595983136602595 0
1691123832539 0.3726061469668455 0
1691123832541 0.36919254166891174 0
1691123832541 0.36597793799281303 0
1691123832542 0.36290741228259216 0
1691123832543 0.3598936913828875 0
1691123832544 0.3566656617412802 0
1691123832546 0.3539151426284005 0
1691123832547 0.35078957028549035 0
1691123832548 0.3481234166468561 0
1691123832550 0.34556253407660187 0
1691123832551 0.3429895192205046 0
1691123832552 0.3404795039621178 0
1691123832553 0.3379389613351068 0
1691123832554 0.3352702769582236 0
1691123832554 0.3324696737492385 0
1691123832555 0.3297983355131903 0
1691123832556 0.3274371971131206 0
1691123832557 0.3252186499539341 0
1691123832558 0.3227146378121644 0
1691123832559 0.3202331827755404 0
1691123832560 0.3178003117497383 0
1691123832561 0.31554049884364327 0
1691123832562 0.313524795353863 0
1691123832563 0.31109902925360094 0
1691123832563 0.3087194627109746 0
1691123832564 0.3067212854120184 0
1691123832565 0.30445200218310625 0
1691123832566 0.30229780312590515 0
1691123832567 0.3003210918100308 0
1691123832568 0.29827647000561214 0
1691123832569 0.2965145436537332 0
1691123832570 0.29449425220420083 0
1691123832571 0.2926323790068387 0
