1691112876825 0.6567984108183413 0
1691112876826 0.5611057119851806 0
1691112876827 0.48223161031420814 0
1691112876828 0.41776330701118886 0
1691112876829 0.3647959311021038 0
1691112876830 0.32136465048700535 0
1691112876831 0.2849394987485751 0
1691112876832 0.255213980870844 0
1691112876833 0.23084427979404132 0
1691112876833 0.21081544128918597 0
1691112876834 0.1936275248868654 0
1691112876835 0.18011304485963053 0
1691112876836 0.16773334251496963 0
1691112876837 0.15722250942643237 0
1691112876838 0.14812292110402084 0
1691112876839 0.14124966873303013 0
1691112876840 0.13468240964346279 0
1691112876840 0.12897762054973444 0
1691112876841 0.12425559928329032 0
1691112876842 0.12032136477933913 0
1691112876843 0.11700332206329853 0
1691112876844 0.11404614231524614 0
1691112876845 0.11104752534489681 0
1691112876846 0.10871972780920981 0
1691112876847 0.10668271677307717 0
1691112876848 0.10474057675594833 0
1691112876849 0.10300144655718325 0
1691112876849 0.1011884670802159 0
1691112876850 0.09959732116095418 0
1691112876852 0.09830167988521472 0
1691112876852 0.09710787350304169 0
1691112876853 0.09593957526240277 0
1691112876855 0.09496285299594155 0
1691112876856 0.09413437456130067 0
1691112876857 0.09331814614011248 0
1691112876857 0.09227485591532347 0
1691112876858 0.09162589751599234 0
1691112876859 0.09053421333190256 0
1691112876860 0.08950377746574345 0
1691112876861 0.0882905499866227 0
1691112876862 0.08733483632231302 0
1691112876863 0.08674396607744393 0
1691112876864 0.08598044241968542 0
1691112876865 0.08546106549373628 0
1691112876865 0.08494345108795709 0
1691112876866 0.08388433504574694 0
1691112876867 0.08314447693818114 0
1691112876868 0.08244427718198534 0
1691112876869 0.08202516187562668 0
1691112876870 0.08135089594848523 0
1691112876872 0.08100543150281356 0
1691112876872 0.08053042984710468 0
1691112876873 0.0799220714376279 0
1691112876874 0.07934009557393396 0
1691112876875 0.07882011565242542 0
1691112876876 0.07858034660057374 0
1691112876877 0.07849902174765612 0
1691112876878 0.0781001465382881 0
1691112876879 0.07771490619517182 0
1691112876880 0.07761148360114985 0
1691112876880 0.07713577741290904 0
1691112876881 0.07658141791554883 0
1691112876882 0.07653495843160897 0
1691112876883 0.07598006933578424 0
1691112876884 0.07568014748784825 0
1691112876885 0.07557496987597333 0
1691112876887 0.07529576621607668 0
1691112876888 0.07525724491694599 0
1691112876888 0.07493131584828971 0
1691112876890 0.0749002698751005 0
1691112876890 0.07408576710027254 0
1691112876891 0.07357571857605223 0
1691112876892 0.07355085266247038 0
1691112876893 0.07326652210896506 0
1691112876894 0.07307490336871043 0
1691112876895 0.07256823828181078 0
1691112876896 0.0723918575640257 0
1691112876896 0.07211154437500757 0
1691112876897 0.0716930409979712 0
1691112876898 0.07127567631564104 0
1691112876899 0.07103627717686858 0
1691112876900 0.07054891651634762 0
1691112876902 0.07036475795820919 0
1691112876903 0.07005012207932872 0
1691112876904 0.07001990445144618 0
1691112876905 0.06963069170854326 0
1691112876906 0.06933364061547145 0
1691112876906 0.06918655649089177 0
1691112876907 0.06881929299253031 0
1691112876908 0.0687102389250286 0
1691112876909 0.06843833788310166 0
1691112876910 0.06809368565429076 0
1691112876911 0.067846351522605 0
1691112876912 0.06763859614354543 0
1691112876913 0.06748625844412905 0
1691112876913 0.06725540784493589 0
1691112876914 0.06699917121726773 0
1691112876915 0.06676700972317487 0
1691112876916 0.06647359215768463 0
1691112876917 0.06646045747917095 0
