1691109414747 0.6789712663712169 0
1691109414748 0.602017648902873 0
1691109414749 0.5390648020637979 0
1691109414750 0.4773810345529353 0
1691109414750 0.43076500239369603 0
1691109414751 0.3938143911815083 0
1691109414752 0.35639984983256096 0
1691109414753 0.3302573108321837 0
1691109414753 0.3048383304502907 0
1691109414754 0.2846268226204646 0
1691109414755 0.26634483989334345 0
1691109414755 0.2515790305021334 0
1691109414756 0.23927684990477943 0
1691109414757 0.22780832223120856 0
1691109414758 0.2171467589206275 0
1691109414759 0.2086536922850679 0
1691109414759 0.2007867004787698 0
1691109414760 0.1950405832686206 0
1691109414761 0.18929236468565544 0
1691109414762 0.18401910708953836 0
1691109414762 0.1795477399788927 0
1691109414763 0.1755096839495205 0
1691109414764 0.17186184502824486 0
1691109414765 0.16887605725211588 0
1691109414765 0.16615151254597732 0
1691109414766 0.16354108744422183 0
1691109414767 0.1612953849890907 0
1691109414768 0.15933255415365374 0
1691109414768 0.15767668797898074 0
1691109414769 0.15582690139199756 0
1691109414770 0.15440316537617343 0
1691109414770 0.15322821735949987 0
1691109414771 0.1516245203838247 0
1691109414772 0.15060525003718794 0
1691109414773 0.14979004632374948 0
1691109414774 0.14877587673883794 0
1691109414774 0.14769362180085335 0
1691109414775 0.14689212806665003 0
1691109414776 0.14583412211772354 0
1691109414777 0.1452318675470113 0
1691109414778 0.1445579594765417 0
1691109414779 0.14401579047621077 0
1691109414780 0.1435369585061274 0
1691109414781 0.14281940084882278 0
1691109414781 0.1421480834410293 0
1691109414782 0.1417817697110697 0
1691109414783 0.14132588081297956 0
1691109414784 0.14091048105058926 0
1691109414784 0.1405959981764262 0
1691109414785 0.14006361272258178 0
1691109414786 0.13956399123272384 0
1691109414786 0.13932721308005055 0
1691109414787 0.13907342358574262 0
1691109414788 0.13875263249288755 0
1691109414789 0.13836071562972493 0
1691109414789 0.13796227441618283 0
1691109414790 0.13777614965248486 0
1691109414791 0.13757599637313395 0
1691109414792 0.13725212494892336 0
1691109414792 0.13710005979155757 0
1691109414793 0.13685642730649542 0
1691109414794 0.13654607446555508 0
1691109414795 0.13618877285045622 0
1691109414796 0.1360461050276623 0
1691109414796 0.13523481468488036 0
1691109414797 0.13505238027257072 0
1691109414798 0.13489989981800965 0
1691109414798 0.13454863747000048 0
1691109414799 0.13445889878951242 0
1691109414800 0.1343102052764882 0
1691109414801 0.13409799322421442 0
1691109414801 0.13398161595393093 0
1691109414802 0.13390769377890305 0
1691109414803 0.13363906073290857 0
1691109414804 0.13351544749038483 0
1691109414804 0.13337353062402935 0
1691109414805 0.13330807248432447 0
1691109414806 0.1330759575708433 0
1691109414806 0.13278617977799476 0
1691109414807 0.13214683586271167 0
1691109414808 0.13198924387199507 0
1691109414809 0.1317563835833597 0
1691109414809 0.13169917821014684 0
1691109414810 0.1310278314335773 0
1691109414811 0.13063593692646105 0
1691109414812 0.1303979316257857 0
1691109414813 0.13031473235165333 0
1691109414814 0.13023867661954916 0
1691109414816 0.12962999218397428 0
1691109414817 0.12931044702970323 0
1691109414817 0.12910245493447478 0
1691109414818 0.12882048243715638 0
1691109414819 0.1287501915989695 0
1691109414820 0.12866825344210714 0
1691109414821 0.12852664708792427 0
1691109414821 0.12809950993669722 0
1691109414822 0.1278957101278407 0
1691109414823 0.12762674676234106 0
1691109414824 0.1274036723927931 0
1691109414825 0.12717574629783893 0
