1691109429743 0.6686683154497718 0
1691109429745 0.5806828156638059 0
1691109429746 0.5108924516352964 0
1691109429747 0.45391203109536876 0
1691109429748 0.4020170624174084 0
1691109429749 0.3623430530855101 0
1691109429751 0.32716128512836373 0
1691109429752 0.2978453576818255 0
1691109429753 0.27309101921492646 0
1691109429754 0.2536450156209101 0
1691109429755 0.2368586998112241 0
1691109429756 0.22355850671781888 0
1691109429758 0.21091408197807787 0
1691109429759 0.20073125695567928 0
1691109429760 0.19113972310221158 0
1691109429761 0.18407161326628266 0
1691109429762 0.17682556462174734 0
1691109429763 0.17109972441767732 0
1691109429764 0.16611344818410953 0
1691109429765 0.16170812349682365 0
1691109429766 0.157666645650277 0
1691109429768 0.15381354074136686 0
1691109429769 0.15078313665302423 0
1691109429770 0.14803992614830117 0
1691109429771 0.14563874653820547 0
1691109429772 0.14358024199405897 0
1691109429773 0.1418780390304053 0
1691109429774 0.14021348561652494 0
1691109429775 0.13884164882254524 0
1691109429776 0.13724758573336437 0
1691109429777 0.13578675722090297 0
1691109429778 0.1347791053068834 0
1691109429778 0.13388005443682055 0
1691109429779 0.1328171588313212 0
1691109429780 0.13212345706906348 0
1691109429781 0.1314252018137185 0
1691109429782 0.13074871481420663 0
1691109429782 0.13030650859047302 0
1691109429783 0.12949707336115263 0
1691109429784 0.1286965772299831 0
1691109429785 0.12822944346174772 0
1691109429785 0.12760046092954408 0
1691109429786 0.12715306982609045 0
1691109429787 0.12607237949936775 0
1691109429788 0.1256336369895417 0
1691109429788 0.12510042260959367 0
1691109429789 0.12468532013844477 0
1691109429790 0.12397565612994654 0
1691109429791 0.12340282510732599 0
1691109429791 0.1230007061371947 0
1691109429792 0.12280340623445998 0
1691109429793 0.1220846936400002 0
1691109429794 0.12183372026030782 0
1691109429794 0.12149701241156571 0
1691109429795 0.12102903320146838 0
1691109429796 0.12063523464747289 0
1691109429797 0.12040720424735304 0
1691109429798 0.12025504108996404 0
1691109429798 0.11987489967263781 0
1691109429799 0.1197284113013573 0
1691109429800 0.11951058831825173 0
1691109429801 0.1193629055225885 0
1691109429801 0.11924222721225654 0
1691109429802 0.11889010029796447 0
1691109429803 0.11838842408557529 0
1691109429804 0.11795422167721535 0
1691109429805 0.11759657836054349 0
1691109429805 0.11748750875191259 0
1691109429806 0.11707752741444295 0
1691109429807 0.11656124369350887 0
1691109429808 0.11640743959700992 0
1691109429808 0.11614179407930846 0
1691109429809 0.1160669318760749 0
1691109429810 0.11571460373142235 0
1691109429811 0.11533420029822543 0
1691109429811 0.11507063147065123 0
1691109429812 0.11492981096842524 0
1691109429813 0.1145977500994203 0
1691109429814 0.11436022891763045 0
1691109429815 0.11417338229371898 0
1691109429816 0.11373966528194414 0
1691109429817 0.11348022933911993 0
1691109429819 0.11336158162588125 0
1691109429820 0.113328423044391 0
1691109429820 0.11303735428283271 0
1691109429821 0.11247665270815836 0
1691109429822 0.11242226715716343 0
1691109429823 0.1121903502803595 0
1691109429824 0.1116176764482554 0
1691109429824 0.11133540352161876 0
1691109429825 0.1110860887240535 0
1691109429826 0.11080909814944137 0
1691109429827 0.1102451414674318 0
1691109429827 0.11008921590863728 0
1691109429828 0.10989463348833238 0
1691109429829 0.10977066008904385 0
1691109429830 0.10927248487981221 0
1691109429830 0.1092328042175985 0
1691109429831 0.10905611222216408 0
1691109429832 0.10901444321033685 0
