1691123910984 0.7167589804232529 0
1691123910985 0.6655518050647964 0
1691123910986 0.6199565242352659 0
1691123910987 0.5763990720457749 0
1691123910988 0.5371756991536916 0
1691123910989 0.5010699671728314 0
1691123910990 0.46854058420883277 0
1691123910991 0.43864945405038164 0
1691123910992 0.4121560745910269 0
1691123910993 0.3875619365086533 0
1691123910994 0.3656800378487538 0
1691123910995 0.34559002270310524 0
1691123910996 0.32742190629306644 0
1691123910997 0.31066839911528293 0
1691123910998 0.29559416391588106 0
1691123910999 0.2810705912727603 0
1691123911000 0.26865003619084193 0
1691123911001 0.25693723105987554 0
1691123911002 0.24619111410522354 0
1691123911003 0.23610376472203334 0
1691123911004 0.22741123003382874 0
1691123911006 0.21935193991363106 0
1691123911007 0.21156990412434734 0
1691123911008 0.2045285175634253 0
1691123911008 0.1981965058409481 0
1691123911009 0.19266279395404665 0
1691123911010 0.18709835640646078 0
1691123911011 0.18220264155928853 0
1691123911012 0.1777020612185809 0
1691123911013 0.1732203237469261 0
1691123911014 0.16914851701499967 0
1691123911015 0.1652328742671537 0
1691123911016 0.16181164441043663 0
1691123911017 0.15828012033708794 0
1691123911018 0.1555264715772678 0
1691123911019 0.15257255236615933 0
1691123911020 0.14985705379235847 0
1691123911021 0.1474368480100059 0
1691123911022 0.14540452467372605 0
1691123911023 0.14331404088616342 0
1691123911024 0.14129408981931033 0
1691123911025 0.1396106439658465 0
1691123911026 0.13797825182683116 0
1691123911027 0.136520758116281 0
1691123911028 0.13502597433349253 0
1691123911029 0.1335920022018894 0
1691123911030 0.13229378818027812 0
1691123911031 0.13100754258951872 0
1691123911032 0.12994677422961232 0
1691123911032 0.12885652449646956 0
1691123911033 0.12779499639668823 0
1691123911034 0.1268683845259624 0
1691123911036 0.1257480841232492 0
1691123911036 0.12470639397495785 0
1691123911037 0.1236096257638982 0
1691123911038 0.12277410874593365 0
1691123911039 0.1219390206693726 0
1691123911040 0.12121130641085141 0
1691123911041 0.12054957231588141 0
1691123911042 0.11996425604914081 0
1691123911043 0.1193234634891626 0
1691123911044 0.11868516765618997 0
1691123911045 0.1181116625941214 0
1691123911046 0.11725671177584926 0
1691123911047 0.11676659439732817 0
1691123911048 0.11623688830530557 0
1691123911049 0.11549878027134004 0
1691123911050 0.1150630382808103 0
1691123911051 0.11425839290583036 0
1691123911052 0.11385230669523018 0
1691123911053 0.11327220563500373 0
1691123911054 0.11267123731412601 0
1691123911055 0.11221850569444691 0
1691123911056 0.11187900860441331 0
1691123911057 0.11153847175872698 0
1691123911058 0.11109731527344781 0
1691123911059 0.11074634495608927 0
1691123911060 0.11039021358862079 0
1691123911061 0.10996199060722871 0
1691123911062 0.10951212796412378 0
1691123911063 0.10909781035686936 0
1691123911064 0.10879193303039686 0
1691123911065 0.10842454080286813 0
1691123911066 0.1081390330311101 0
1691123911067 0.10781257540521699 0
1691123911068 0.10748116741635093 0
1691123911069 0.10723733602252745 0
1691123911070 0.10697717989043877 0
1691123911071 0.10665953738561132 0
1691123911072 0.10638657796265281 0
1691123911073 0.106124913640293 0
1691123911074 0.10584436400396216 0
1691123911076 0.10544161222385379 0
1691123911077 0.10536465605249075 0
1691123911078 0.10516040909754802 0
1691123911079 0.10507559855762179 0
1691123911080 0.10461240276467589 0
1691123911081 0.10434332352182395 0
1691123911082 0.1041512214504833 0
1691123911084 0.10388373810158238 0
