1691123927724 0.6789712663712169 0
1691123927725 0.602017648902873 0
1691123927726 0.539064802063798 0
1691123927727 0.4773810345529353 0
1691123927728 0.430765002393696 0
1691123927729 0.3938143911815082 0
1691123927730 0.35639984983256096 0
1691123927731 0.3302573108321837 0
1691123927732 0.3048383304502907 0
1691123927732 0.2846268226204646 0
1691123927733 0.26634483989334345 0
1691123927734 0.2515790305021334 0
1691123927735 0.23927684990477951 0
1691123927736 0.2278083222312086 0
1691123927737 0.21714675892062754 0
1691123927738 0.20865369228506783 0
1691123927739 0.2007867004787698 0
1691123927740 0.19504058326862064 0
1691123927741 0.18929236468565547 0
1691123927742 0.18401910708953836 0
1691123927743 0.17954773997889273 0
1691123927744 0.1755096839495205 0
1691123927745 0.17186184502824486 0
1691123927746 0.16887605725211588 0
1691123927747 0.1661515125459773 0
1691123927748 0.16354108744422174 0
1691123927749 0.16129538498909066 0
1691123927750 0.15933255415365372 0
1691123927751 0.15767668797898068 0
1691123927752 0.15582690139199754 0
1691123927753 0.15440316537617338 0
1691123927753 0.15322821735949976 0
1691123927754 0.1516245203838246 0
1691123927755 0.15060525003718786 0
1691123927756 0.14979004632374943 0
1691123927757 0.14877587673883788 0
1691123927758 0.14769362180085333 0
1691123927759 0.14689212806665 0
1691123927760 0.14583412211772348 0
1691123927761 0.14523186754701128 0
1691123927763 0.14455795947654168 0
1691123927764 0.14401579047621074 0
1691123927765 0.14353695850612733 0
1691123927766 0.14281940084882272 0
1691123927767 0.14214808344102922 0
1691123927768 0.14178176971106965 0
1691123927769 0.1413258808129795 0
1691123927770 0.14091048105058923 0
1691123927771 0.14059599817642618 0
1691123927772 0.1400636127225817 0
1691123927773 0.13956399123272384 0
1691123927773 0.13932721308005055 0
1691123927774 0.13907342358574257 0
1691123927775 0.13875263249288752 0
1691123927776 0.13836071562972496 0
1691123927777 0.13796227441618283 0
1691123927778 0.13777614965248486 0
1691123927779 0.13757599637313395 0
1691123927780 0.13725212494892336 0
1691123927781 0.13710005979155757 0
1691123927782 0.13685642730649542 0
1691123927783 0.13654607446555508 0
1691123927784 0.13618877285045622 0
1691123927785 0.1360461050276623 0
1691123927786 0.13523481468488033 0
1691123927787 0.13505238027257072 0
1691123927788 0.13489989981800965 0
1691123927789 0.1345486374700005 0
1691123927790 0.13445889878951242 0
1691123927791 0.1343102052764882 0
1691123927792 0.1340979932242144 0
1691123927793 0.13398161595393093 0
1691123927794 0.13390769377890305 0
1691123927795 0.13363906073290857 0
1691123927796 0.13351544749038483 0
1691123927797 0.13337353062402935 0
1691123927798 0.13330807248432447 0
1691123927799 0.1330759575708433 0
1691123927800 0.13278617977799478 0
1691123927801 0.13214683586271164 0
1691123927802 0.13198924387199504 0
1691123927803 0.1317563835833597 0
1691123927804 0.13169917821014684 0
1691123927805 0.1310278314335773 0
1691123927806 0.13063593692646105 0
1691123927807 0.13039793162578572 0
1691123927808 0.13031473235165333 0
1691123927809 0.13023867661954916 0
1691123927809 0.12962999218397428 0
1691123927810 0.1293104470297032 0
1691123927811 0.12910245493447475 0
1691123927812 0.12882048243715638 0
1691123927813 0.12875019159896947 0
1691123927814 0.12866825344210714 0
1691123927815 0.12852664708792427 0
1691123927816 0.1280995099366972 0
1691123927817 0.1278957101278407 0
1691123927818 0.12762674676234106 0
1691123927819 0.12740367239279307 0
1691123927820 0.12717574629783895 0
