1691123881723 0.7256676361398502 0
1691123881724 0.6811631428180512 0
1691123881725 0.6408695759100907 0
1691123881726 0.605300401464108 0
1691123881727 0.567749468832336 0
1691123881727 0.5377061609137442 0
1691123881728 0.5094097101936923 0
1691123881729 0.4842890397556724 0
1691123881730 0.46193475078744617 0
1691123881731 0.43710567426594465 0
1691123881732 0.41457929557684375 0
1691123881733 0.3949640032930041 0
1691123881734 0.3780648038511652 0
1691123881735 0.36226915954150596 0
1691123881736 0.3478694110692505 0
1691123881737 0.33380110892634707 0
1691123881738 0.32026524858696603 0
1691123881739 0.3095432422639179 0
1691123881740 0.298452678341423 0
1691123881741 0.28804388992109253 0
1691123881742 0.2794402438347751 0
1691123881743 0.27099470927813407 0
1691123881744 0.2631724865380069 0
1691123881745 0.25602709470420565 0
1691123881746 0.24894834748006323 0
1691123881747 0.24244711308176894 0
1691123881748 0.23606379559486004 0
1691123881749 0.23079934190459228 0
1691123881750 0.22615353853786718 0
1691123881751 0.22100891946446438 0
1691123881751 0.21648845601663902 0
1691123881752 0.2119877205025908 0
1691123881753 0.20798032158090865 0
1691123881754 0.20471504930967852 0
1691123881755 0.20106087437271222 0
1691123881756 0.19765705028282873 0
1691123881757 0.19471528664130627 0
1691123881758 0.1918821888632867 0
1691123881759 0.1890687819859198 0
1691123881760 0.18664280939442232 0
1691123881761 0.1843196358395069 0
1691123881762 0.1820097981712578 0
1691123881763 0.1798923499780126 0
1691123881764 0.17803069997732643 0
1691123881765 0.17622689426987856 0
1691123881765 0.17437906819651053 0
1691123881766 0.17256039264674378 0
1691123881767 0.1709873576628891 0
1691123881768 0.16932647992334726 0
1691123881769 0.16802674362454512 0
1691123881770 0.16659760119879002 0
1691123881771 0.165254774157258 0
1691123881772 0.1639667089871106 0
1691123881773 0.16280089729284408 0
1691123881774 0.16169770102124773 0
1691123881775 0.1605084563722333 0
1691123881776 0.1594566139759238 0
1691123881777 0.15848008381881615 0
1691123881777 0.15767167425318732 0
1691123881778 0.15687379572536753 0
1691123881779 0.15612854373093954 0
1691123881780 0.15536763398052922 0
1691123881781 0.15465875250795869 0
1691123881782 0.1539083230110482 0
1691123881783 0.15321742753012332 0
1691123881784 0.15257143075462823 0
1691123881785 0.15177128872493112 0
1691123881786 0.1511638790395272 0
1691123881787 0.15063478523082627 0
1691123881788 0.1501353060415923 0
1691123881788 0.14967348396851332 0
1691123881789 0.14921115962106754 0
1691123881790 0.1486959224692068 0
1691123881791 0.14828755796216533 0
1691123881792 0.14773356102791432 0
1691123881793 0.14735193115635273 0
1691123881794 0.1469920098576655 0
1691123881795 0.14653567025681644 0
1691123881796 0.14617033863461346 0
1691123881797 0.14584507578988673 0
1691123881798 0.14548375479656592 0
1691123881799 0.14519915876280018 0
1691123881800 0.14491677207123038 0
1691123881801 0.14459530440306936 0
1691123881802 0.1442385947446507 0
1691123881803 0.14397596185109207 0
1691123881804 0.1436928560569587 0
1691123881805 0.14346586396985175 0
1691123881806 0.1432110128461375 0
1691123881807 0.14291692057559524 0
1691123881808 0.14269098547977854 0
1691123881809 0.1424692386850941 0
1691123881809 0.1422226290941347 0
1691123881811 0.14202234000402186 0
1691123881812 0.14181020605932335 0
1691123881813 0.14147661944397083 0
1691123881814 0.14111920613036055 0
1691123881815 0.14096263728852995 0
1691123881816 0.14081205195781407 0
1691123881817 0.14056579135416086 0
