1691112817487 0.7139632557680478 0
1691112817487 0.6612442327747527 0
1691112817488 0.6118799738171683 0
1691112817489 0.5672168735957184 0
1691112817490 0.5269565346253018 0
1691112817491 0.4897686079034133 0
1691112817492 0.4561929449052531 0
1691112817493 0.42562057281768884 0
1691112817494 0.3982462977513797 0
1691112817495 0.37334959119609795 0
1691112817495 0.35035018435409654 0
1691112817496 0.32930853165782803 0
1691112817497 0.3103441853548522 0
1691112817498 0.29320222723387007 0
1691112817499 0.2772781848195587 0
1691112817500 0.2629018657135275 0
1691112817501 0.2498478369515795 0
1691112817501 0.23783128538097198 0
1691112817502 0.2266557840859926 0
1691112817503 0.21652705972374095 0
1691112817504 0.20692847107506762 0
1691112817505 0.19873353036292915 0
1691112817506 0.19122280034177852 0
1691112817506 0.18392013743310046 0
1691112817507 0.17734752007600085 0
1691112817508 0.17143224330416343 0
1691112817509 0.16604466389327419 0
1691112817510 0.16090146096868663 0
1691112817511 0.15629117214571478 0
1691112817512 0.1518841654781372 0
1691112817513 0.1480735001054657 0
1691112817513 0.14441053146896507 0
1691112817514 0.14104574889001506 0
1691112817515 0.13793570820264364 0
1691112817516 0.13467825914819842 0
1691112817517 0.1323114544032047 0
1691112817519 0.1298387499969618 0
1691112817520 0.12727782485658565 0
1691112817521 0.12501427960686243 0
1691112817522 0.12300134771795733 0
1691112817522 0.12114595098050882 0
1691112817523 0.11936220751574365 0
1691112817524 0.11776980330284387 0
1691112817525 0.11630862569955336 0
1691112817526 0.11486933472665584 0
1691112817527 0.11332882269773846 0
1691112817528 0.112154575760867 0
1691112817528 0.1110686281775754 0
1691112817529 0.10994326681916725 0
1691112817530 0.10876983431873322 0
1691112817531 0.10763014106190621 0
1691112817532 0.10663670552235716 0
1691112817533 0.10578456584140597 0
1691112817533 0.10487424940029447 0
1691112817534 0.10411215773490759 0
1691112817535 0.103340700068919 0
1691112817536 0.10267845920421285 0
1691112817537 0.10173093552343414 0
1691112817538 0.10107830397128885 0
1691112817539 0.1003706799824557 0
1691112817539 0.0995441903242687 0
1691112817540 0.09892389380805136 0
1691112817541 0.09835512818219289 0
1691112817542 0.09788247951726604 0
1691112817543 0.09736345303086665 0
1691112817544 0.0968069711078241 0
1691112817544 0.09609836874401284 0
1691112817545 0.09535041428438651 0
1691112817546 0.09491691970163567 0
1691112817547 0.09418351776811544 0
1691112817548 0.09362997125559076 0
1691112817549 0.0929884949865857 0
1691112817549 0.09252945960970936 0
1691112817550 0.09200183423405492 0
1691112817551 0.09154161871578828 0
1691112817552 0.09121811115386161 0
1691112817553 0.0907433591646905 0
1691112817554 0.09010788035498667 0
1691112817555 0.0897193049699467 0
1691112817555 0.08944725964256307 0
1691112817556 0.08895293636540856 0
1691112817557 0.08864953735988206 0
1691112817558 0.08847274999628389 0
1691112817559 0.08789033479786183 0
1691112817560 0.08760291272927337 0
1691112817561 0.08701143937166111 0
1691112817562 0.08663161496450797 0
1691112817563 0.08625385416979198 0
1691112817563 0.08595448710707662 0
1691112817564 0.08579446203238998 0
1691112817565 0.08534977120181098 0
1691112817566 0.08498940497841652 0
1691112817567 0.08483341305308847 0
1691112817568 0.08442828831753049 0
1691112817569 0.08414164176928544 0
1691112817569 0.08373509704893937 0
1691112817570 0.08332084108535137 0
1691112817571 0.08311563738040337 0
1691112817572 0.08289904327021426 0
1691112817573 0.08276580416435798 0
