1691123949325 0.6709075959469242 0
1691123949326 0.5891568547578968 0
1691123949327 0.5175954800783165 0
1691123949328 0.45676009180902877 0
1691123949329 0.4068198878973515 0
1691123949330 0.36580926579952877 0
1691123949331 0.3301384172074423 0
1691123949332 0.3007701016324843 0
1691123949333 0.2756766350906326 0
1691123949334 0.2553437032787602 0
1691123949335 0.2381278467230837 0
1691123949336 0.22392387794748794 0
1691123949337 0.2118865871930092 0
1691123949338 0.20188671743294856 0
1691123949339 0.19271230171853665 0
1691123949340 0.18552042125597826 0
1691123949341 0.1785188956242433 0
1691123949342 0.17226534180054226 0
1691123949343 0.16738501977336873 0
1691123949344 0.16314713817244622 0
1691123949345 0.15899545717108726 0
1691123949346 0.15563028082191274 0
1691123949347 0.1527804991054067 0
1691123949348 0.149866938999964 0
1691123949349 0.14768605944208857 0
1691123949350 0.14553279103385083 0
1691123949351 0.1438586350182825 0
1691123949352 0.1418220819231265 0
1691123949353 0.14040986654140108 0
1691123949354 0.13903552835119537 0
1691123949355 0.13786717754097227 0
1691123949356 0.1368558320734669 0
1691123949357 0.1358259611852133 0
1691123949358 0.13465080950647185 0
1691123949358 0.13374342895026436 0
1691123949359 0.13292051834768046 0
1691123949360 0.13221435715492105 0
1691123949361 0.1316335079122482 0
1691123949362 0.13085921050195326 0
1691123949363 0.13051501184660877 0
1691123949364 0.1300845795330121 0
1691123949366 0.12961066235243274 0
1691123949368 0.12921512536275057 0
1691123949369 0.12814496521438917 0
1691123949370 0.12772917131671727 0
1691123949371 0.12708817491649108 0
1691123949372 0.12642975319022973 0
1691123949373 0.12622220601389644 0
1691123949374 0.1252337629000113 0
1691123949375 0.12482535885794381 0
1691123949376 0.12466400995714914 0
1691123949377 0.1245426618150192 0
1691123949378 0.12411273191391979 0
1691123949379 0.12327924032552329 0
1691123949380 0.12288383229719703 0
1691123949381 0.12231552457149368 0
1691123949382 0.12220171115012413 0
1691123949383 0.121582479920006 0
1691123949384 0.12114022890350208 0
1691123949385 0.12093961318350327 0
1691123949386 0.12076396146689762 0
1691123949387 0.12066812020020626 0
1691123949388 0.12024067408155822 0
1691123949389 0.12009041439533348 0
1691123949389 0.119904040200721 0
1691123949390 0.11948302811278938 0
1691123949392 0.11939026285261152 0
1691123949393 0.11925941679907094 0
1691123949394 0.11858514616956704 0
1691123949396 0.1181090269579374 0
1691123949397 0.11777817073420245 0
1691123949398 0.11742192473762081 0
1691123949399 0.11714115146254207 0
1691123949400 0.11702768795353857 0
1691123949401 0.11695505171477728 0
1691123949402 0.11652881112179309 0
1691123949403 0.11628074976552784 0
1691123949404 0.11563637896816409 0
1691123949405 0.11487280860418844 0
1691123949406 0.11455692868040492 0
1691123949407 0.11430120943449866 0
1691123949408 0.11418594038518806 0
1691123949409 0.11413234698757084 0
1691123949410 0.11392241849631543 0
1691123949411 0.11358748385585084 0
1691123949412 0.11325774512853468 0
1691123949413 0.113199618017382 0
1691123949414 0.11299368761660687 0
1691123949415 0.11265540711849042 0
1691123949415 0.11227134443377927 0
1691123949416 0.11196457870928879 0
1691123949417 0.11162783210664257 0
1691123949418 0.11127260701522629 0
1691123949419 0.1109604506166253 0
1691123949420 0.11079178939108643 0
1691123949421 0.11056340857474077 0
1691123949422 0.11011169158027678 0
1691123949424 0.10986278363982492 0
1691123949425 0.10975445692761576 0
1691123949427 0.10971639470422102 0
