1691112797793 0.7162970402106592 0
1691112797794 0.6643980759589778 0
1691112797795 0.6166919582409385 0
1691112797796 0.573747205977945 0
1691112797796 0.5346636362324597 0
1691112797797 0.49973755419359595 0
1691112797798 0.46808876062241667 0
1691112797799 0.4392483840308366 0
1691112797800 0.412469330197801 0
1691112797801 0.3880935469681822 0
1691112797801 0.3662041181144742 0
1691112797802 0.3461455380302264 0
1691112797803 0.3273962980604691 0
1691112797804 0.3111254124222739 0
1691112797805 0.29560597416702644 0
1691112797806 0.28185767575925796 0
1691112797807 0.26883636925183035 0
1691112797808 0.2565278579381132 0
1691112797808 0.2459998073880531 0
1691112797809 0.23607302862109905 0
1691112797810 0.22697252169933899 0
1691112797811 0.21865987157797062 0
1691112797813 0.2107840381603107 0
1691112797814 0.20402996976490992 0
1691112797815 0.19764806027584203 0
1691112797816 0.19164666181951986 0
1691112797817 0.18607824168029602 0
1691112797818 0.18104228778876197 0
1691112797819 0.17584228341899433 0
1691112797820 0.17163095405650286 0
1691112797821 0.16737509732078285 0
1691112797822 0.1638685288605063 0
1691112797822 0.1602291364304672 0
1691112797823 0.15667009007585464 0
1691112797824 0.15398164289399865 0
1691112797825 0.15128434325850376 0
1691112797826 0.1484417955257897 0
1691112797827 0.14606369981341485 0
1691112797828 0.14375051373985137 0
1691112797828 0.1416353472508151 0
1691112797829 0.13986992835531417 0
1691112797830 0.13825026444525754 0
1691112797831 0.1363293305336653 0
1691112797832 0.1349545873490761 0
1691112797833 0.13338511731815206 0
1691112797833 0.13209409864342214 0
1691112797834 0.13078192927910892 0
1691112797835 0.12952099691331603 0
1691112797836 0.12837658244080716 0
1691112797837 0.1272402846972787 0
1691112797838 0.12577059222244646 0
1691112797838 0.12453439823877648 0
1691112797839 0.12351013707005333 0
1691112797840 0.12243029786997088 0
1691112797841 0.12160841760799816 0
1691112797842 0.12059785128109968 0
1691112797843 0.11977035443211753 0
1691112797844 0.11905591859397655 0
1691112797844 0.11831647307908622 0
1691112797845 0.11750146700162652 0
1691112797846 0.11687025334384799 0
1691112797847 0.11627695685423857 0
1691112797848 0.11571643841642494 0
1691112797849 0.11514417506764925 0
1691112797849 0.11455437534891469 0
1691112797850 0.11408944014700827 0
1691112797851 0.11355159789755336 0
1691112797852 0.11308899883053108 0
1691112797853 0.11252016508875821 0
1691112797854 0.11206179701969299 0
1691112797854 0.11145641781297881 0
1691112797855 0.1110188127110115 0
1691112797856 0.11058975210587578 0
1691112797857 0.11016822457502488 0
1691112797858 0.10979550983305482 0
1691112797859 0.10938375774845759 0
1691112797860 0.10902084601091831 0
1691112797860 0.10863844841530436 0
1691112797861 0.1082780863516226 0
1691112797862 0.1079413041557628 0
1691112797863 0.10757142779631086 0
1691112797864 0.1071604220092343 0
1691112797865 0.10678397813596016 0
1691112797865 0.1064950815664724 0
1691112797867 0.10626429819297624 0
1691112797868 0.10609689250260956 0
1691112797868 0.1057778639025712 0
1691112797869 0.10552952352401866 0
1691112797870 0.1052635293622965 0
1691112797871 0.10483023694190788 0
1691112797872 0.10445950074039614 0
1691112797873 0.10416259893173233 0
1691112797874 0.1038811171024698 0
1691112797874 0.10363720399734866 0
1691112797875 0.10339009059703054 0
1691112797876 0.10315634799125174 0
1691112797877 0.10293758962151489 0
1691112797878 0.10257147410475684 0
1691112797879 0.10212806808169729 0
1691112797879 0.10190690341657699 0
