1691109389560 0.7155082911943524 0
1691109389561 0.6628793455415837 0
1691109389562 0.6152526046244672 0
1691109389562 0.572274426176306 0
1691109389563 0.533283565585482 0
1691109389564 0.49799732071328917 0
1691109389565 0.4659746559951972 0
1691109389565 0.4369838758652104 0
1691109389566 0.41048338867854123 0
1691109389567 0.3864989258923041 0
1691109389567 0.36466203651249435 0
1691109389568 0.3441876406398181 0
1691109389569 0.326057901462004 0
1691109389569 0.30897233739531654 0
1691109389570 0.2935441487903159 0
1691109389571 0.2795153732871554 0
1691109389572 0.26700653683640374 0
1691109389572 0.255389239639732 0
1691109389573 0.24499362544077913 0
1691109389574 0.23473249188256132 0
1691109389575 0.22570627122362721 0
1691109389575 0.21773871395518232 0
1691109389576 0.21009445821794187 0
1691109389577 0.20302474555546512 0
1691109389578 0.1967280820847241 0
1691109389578 0.19103123009369022 0
1691109389579 0.18524745176787524 0
1691109389580 0.1801558035249791 0
1691109389581 0.1755950325472677 0
1691109389581 0.17114337613911265 0
1691109389583 0.16747335669951896 0
1691109389585 0.16354449273695967 0
1691109389585 0.16042745075991893 0
1691109389586 0.15728917987721255 0
1691109389587 0.15426024159673557 0
1691109389588 0.15141071072517887 0
1691109389588 0.14890393759518777 0
1691109389589 0.14672995756892782 0
1691109389590 0.14466126036278104 0
1691109389591 0.1426017364805257 0
1691109389592 0.14076877274377553 0
1691109389593 0.13910708349161538 0
1691109389594 0.13723419624593552 0
1691109389595 0.13566883257128262 0
1691109389596 0.13400642095147625 0
1691109389597 0.1323532774358604 0
1691109389597 0.13084054313747726 0
1691109389598 0.12952802307684272 0
1691109389599 0.12832478228801936 0
1691109389600 0.12677207900802495 0
1691109389600 0.12536663248676483 0
1691109389601 0.1243671933323379 0
1691109389602 0.12339120945199128 0
1691109389602 0.12222894027612081 0
1691109389603 0.12136121773164982 0
1691109389604 0.12045612849084758 0
1691109389605 0.11968157102458347 0
1691109389605 0.11893390502657947 0
1691109389606 0.11821435229092064 0
1691109389607 0.11759162584724678 0
1691109389608 0.11671107633057375 0
1691109389608 0.11616494174257581 0
1691109389609 0.11542821011486273 0
1691109389610 0.11476143877764229 0
1691109389610 0.11424324430675215 0
1691109389611 0.11377327454782091 0
1691109389612 0.11327254091619327 0
1691109389612 0.11278075609290444 0
1691109389613 0.11231677615128598 0
1691109389614 0.11186824384793752 0
1691109389615 0.11137409952947507 0
1691109389615 0.1109624687910352 0
1691109389616 0.11051093998118999 0
1691109389617 0.11008684470359274 0
1691109389618 0.10966787402012651 0
1691109389618 0.10926397692276056 0
1691109389619 0.1088178848887871 0
1691109389620 0.10845600164119763 0
1691109389621 0.1081336617880765 0
1691109389621 0.10773165925931473 0
1691109389622 0.1073620154018991 0
1691109389623 0.10706374633623476 0
1691109389624 0.1067196639599537 0
1691109389624 0.10636356764125371 0
1691109389625 0.10601075740807206 0
1691109389626 0.10572316093783268 0
1691109389626 0.10540220310719467 0
1691109389627 0.10508580851999307 0
1691109389628 0.1048188277945337 0
1691109389628 0.10458636980640627 0
1691109389629 0.10435758074812816 0
1691109389630 0.10413781328299777 0
1691109389631 0.10375799075991197 0
1691109389631 0.10348680689828664 0
1691109389632 0.10332944229515383 0
1691109389633 0.10307066718487436 0
1691109389634 0.10281311112461784 0
1691109389634 0.1024324033580764 0
1691109389635 0.1021829325086033 0
1691109389636 0.1019667053055156 0
