1691123865600 0.7613867519709798 0
1691123865601 0.7492290960203473 0
1691123865602 0.7372968337946825 0
1691123865603 0.7256392879004189 0
1691123865604 0.7142492749610502 0
1691123865605 0.7030649059181739 0
1691123865606 0.69207938411151 0
1691123865607 0.6813254736515628 0
1691123865608 0.6708072173939309 0
1691123865609 0.6604028545733667 0
1691123865610 0.6502452595305734 0
1691123865611 0.6402262127120064 0
1691123865612 0.6304407178443042 0
1691123865613 0.6208566104951956 0
1691123865613 0.6114392003369515 0
1691123865614 0.602231718470398 0
1691123865615 0.5931766729136104 0
1691123865616 0.5843519279220686 0
1691123865617 0.5756556762616801 0
1691123865618 0.5670312980821114 0
1691123865619 0.5586275809487068 0
1691123865620 0.5504146737415987 0
1691123865621 0.5423658027891769 0
1691123865623 0.5343822790274125 0
1691123865624 0.5266459200073998 0
1691123865625 0.5190574637193177 0
1691123865626 0.511625417322505 0
1691123865626 0.5043172403731858 0
1691123865627 0.4971326149017466 0
1691123865628 0.4900858382969748 0
1691123865629 0.48319554265496784 0
1691123865630 0.4764793413006848 0
1691123865631 0.4698617558469808 0
1691123865632 0.4633691439890989 0
1691123865633 0.4569981676249714 0
1691123865634 0.45076425467645653 0
1691123865635 0.4446187594091387 0
1691123865636 0.4386347634885136 0
1691123865637 0.4327169576217644 0
1691123865638 0.42692870931514065 0
1691123865639 0.4212667253268144 0
1691123865639 0.41570245953751833 0
1691123865640 0.41020994224212337 0
1691123865641 0.4048192867041164 0
1691123865642 0.399544911787192 0
1691123865643 0.3943518103007409 0
1691123865644 0.38921423893877743 0
1691123865645 0.38424119850788296 0
1691123865646 0.3793411879724858 0
1691123865647 0.37454843779768593 0
1691123865648 0.369772818436971 0
1691123865649 0.36517956058954226 0
1691123865650 0.3606870843517443 0
1691123865651 0.35621069482336126 0
1691123865652 0.3518166473808248 0
1691123865653 0.34754261097386707 0
1691123865653 0.3433718171499957 0
1691123865654 0.3392579368990375 0
1691123865655 0.3352198213416023 0
1691123865656 0.3312213997146834 0
1691123865657 0.3273144393824632 0
1691123865658 0.3234847435577755 0
1691123865659 0.31968221996673696 0
1691123865660 0.31601136388189816 0
1691123865661 0.3123903125883071 0
1691123865662 0.30886592709226457 0
1691123865663 0.30529903669776587 0
1691123865664 0.3018846983939466 0
1691123865665 0.2984254982844639 0
1691123865666 0.29505482274084033 0
1691123865667 0.2918270320059679 0
1691123865668 0.2886424950041533 0
1691123865668 0.28556228830786934 0
1691123865669 0.282475490618895 0
1691123865670 0.27940243214828586 0
1691123865671 0.27638276933966843 0
1691123865672 0.2734935871181577 0
1691123865674 0.27061826055939364 0
1691123865675 0.2678525116602372 0
1691123865676 0.26514851160644065 0
1691123865677 0.2624951701107298 0
1691123865678 0.25988104628480424 0
1691123865679 0.25725257730110246 0
1691123865680 0.25474192999724293 0
1691123865681 0.25225038092014473 0
1691123865682 0.2497802938934855 0
1691123865683 0.2473880773102094 0
1691123865684 0.24503288777755952 0
1691123865685 0.24261622081702666 0
1691123865686 0.24036049169690593 0
1691123865687 0.23809932501764 0
1691123865687 0.23588533239077883 0
1691123865688 0.2337420583541867 0
1691123865689 0.23154276704757748 0
1691123865690 0.2294784467716183 0
1691123865691 0.2274064608190057 0
1691123865692 0.22532667189721395 0
1691123865693 0.22331653101251533 0
1691123865694 0.2213077075729439 0
1691123865696 0.2192952782835663 0
