1691109374044 0.7254103386092154 0
1691109374045 0.6813640627923694 0
1691109374046 0.6415400150484303 0
1691109374048 0.6039639273523615 0
1691109374049 0.5723057612765117 0
1691109374050 0.5417608703333214 0
1691109374051 0.5139074178183206 0
1691109374052 0.48766812724597436 0
1691109374053 0.46470021496228103 0
1691109374054 0.44061757701415727 0
1691109374055 0.41747491769704465 0
1691109374056 0.39968494829933093 0
1691109374057 0.3814147384258673 0
1691109374058 0.3638854655104201 0
1691109374059 0.3480911223761244 0
1691109374060 0.3339803726745819 0
1691109374061 0.3211295551718494 0
1691109374063 0.30943430008031175 0
1691109374064 0.2999152439143811 0
1691109374065 0.29109547857459656 0
1691109374066 0.2811982597688601 0
1691109374067 0.27214553740016356 0
1691109374068 0.2648657531273892 0
1691109374069 0.2581067941288502 0
1691109374070 0.2507122454143671 0
1691109374071 0.2439253056115545 0
1691109374072 0.2373115229389896 0
1691109374073 0.23193733277597472 0
1691109374074 0.22670481847325763 0
1691109374076 0.22226380723512154 0
1691109374077 0.21744343590314544 0
1691109374078 0.2128077709888306 0
1691109374079 0.20878336522874041 0
1691109374080 0.20481514468289688 0
1691109374081 0.201030931315207 0
1691109374083 0.19784509636515787 0
1691109374084 0.19481954278415262 0
1691109374085 0.19226172191383725 0
1691109374087 0.18949504179547122 0
1691109374088 0.18718993534414657 0
1691109374089 0.1847510526020284 0
1691109374090 0.18225841155591396 0
1691109374092 0.18017435557691847 0
1691109374093 0.17807574205800242 0
1691109374094 0.17605285969687823 0
1691109374095 0.17435680765411632 0
1691109374096 0.17265504590500907 0
1691109374097 0.1709769592114126 0
1691109374098 0.16959033115966873 0
1691109374098 0.16822077318275502 0
1691109374099 0.16691911393622394 0
1691109374100 0.16564874402487223 0
1691109374100 0.16439293245021486 0
1691109374101 0.16318421242806264 0
1691109374102 0.1620556049732034 0
1691109374103 0.1610902911749717 0
1691109374103 0.16010739440354488 0
1691109374104 0.15926096616716495 0
1691109374105 0.15841625263971326 0
1691109374105 0.15757421736026211 0
1691109374106 0.15683135846591928 0
1691109374107 0.1560289839176961 0
1691109374108 0.1553321659976511 0
1691109374108 0.1546528599690945 0
1691109374109 0.15394802230262164 0
1691109374110 0.15337723141143964 0
1691109374110 0.152666310656552 0
1691109374111 0.15206745700733798 0
1691109374112 0.15155122931207293 0
1691109374112 0.15107208290301924 0
1691109374113 0.15055069459163667 0
1691109374114 0.1499647454392995 0
1691109374114 0.149495839777426 0
1691109374115 0.1490626014039331 0
1691109374116 0.1486506220627452 0
1691109374116 0.14815274653484267 0
1691109374117 0.14777932783470799 0
1691109374118 0.14733256823408597 0
1691109374119 0.14699279702122528 0
1691109374119 0.14667622152020632 0
1691109374120 0.14627366703094838 0
1691109374121 0.1459758616787548 0
1691109374121 0.14563769012084604 0
1691109374122 0.14536978513492985 0
1691109374123 0.14508262563615582 0
1691109374124 0.14484900477168902 0
1691109374124 0.14456413598473197 0
1691109374125 0.14424507868064093 0
1691109374126 0.14397046715768794 0
1691109374126 0.1437855178324056 0
1691109374127 0.1435916961577878 0
1691109374129 0.14320268417001414 0
1691109374130 0.14298201581691414 0
1691109374132 0.14278018640377604 0
1691109374133 0.14246976480241025 0
1691109374134 0.142188832786655 0
1691109374135 0.14196039094297447 0
1691109374136 0.1418066508647923 0
1691109374137 0.14165863496495945 0
1691109374138 0.14147299723243226 0
