1691109448298 0.6635517528469925 0
1691109448299 0.5714252634338822 0
1691109448300 0.49597447750112883 0
1691109448300 0.4328154200937951 0
1691109448301 0.38193265633837203 0
1691109448302 0.34212469345751795 0
1691109448303 0.30711871643486105 0
1691109448304 0.2770696661027289 0
1691109448304 0.2531676581374742 0
1691109448305 0.23276717822873808 0
1691109448306 0.2144355670754404 0
1691109448307 0.20020864133731722 0
1691109448307 0.187643085317993 0
1691109448308 0.17802512506869658 0
1691109448309 0.16960799119189152 0
1691109448310 0.16181137293092157 0
1691109448311 0.15561848273838436 0
1691109448311 0.14970566309032568 0
1691109448312 0.14455672929572827 0
1691109448313 0.14053374652932238 0
1691109448314 0.1367361953370131 0
1691109448315 0.1340082243324517 0
1691109448315 0.13112427686102315 0
1691109448316 0.12843450680397583 0
1691109448317 0.1261483439408705 0
1691109448318 0.12422767368089084 0
1691109448318 0.1226904691333581 0
1691109448319 0.12087206428056836 0
1691109448320 0.11942450919168544 0
1691109448321 0.11810684192487224 0
1691109448321 0.11666937856928475 0
1691109448322 0.11572246077840169 0
1691109448323 0.11470972500463542 0
1691109448324 0.11351624938234617 0
1691109448325 0.11260474186934923 0
1691109448325 0.111572828690835 0
1691109448326 0.11071845742734442 0
1691109448327 0.11009361735098581 0
1691109448328 0.10922829804162894 0
1691109448328 0.10858754979707007 0
1691109448329 0.10808953009139678 0
1691109448330 0.10747873440567836 0
1691109448331 0.10712892088964766 0
1691109448332 0.10665365187402094 0
1691109448332 0.10604903104439999 0
1691109448333 0.10538236874105693 0
1691109448334 0.10464577349230562 0
1691109448335 0.10410378805723797 0
1691109448335 0.10388778384313446 0
1691109448336 0.10373064736267475 0
1691109448337 0.10323106477099452 0
1691109448338 0.10279628507639452 0
1691109448338 0.10260793910550449 0
1691109448339 0.10252235539581808 0
1691109448340 0.10204366509354021 0
1691109448341 0.101591673510077 0
1691109448341 0.10129593371434982 0
1691109448342 0.10098935749854988 0
1691109448343 0.10052767430646573 0
1691109448344 0.09993186847460829 0
1691109448344 0.09947158943509571 0
1691109448345 0.09900899639871412 0
1691109448346 0.09894518407513844 0
1691109448347 0.09882831181791814 0
1691109448348 0.098604195927594 0
1691109448348 0.09855844570188585 0
1691109448349 0.09824022338799282 0
1691109448350 0.09772833782665903 0
1691109448351 0.09760995415817622 0
1691109448351 0.0975496703166277 0
1691109448352 0.09702887075225997 0
1691109448353 0.09674250964474529 0
1691109448354 0.09636465578265968 0
1691109448354 0.09631789581597447 0
1691109448355 0.09560663669014877 0
1691109448356 0.09525449766284011 0
1691109448357 0.09516861164343099 0
1691109448357 0.09489950676564048 0
1691109448358 0.09463871626349149 0
1691109448359 0.0944684827866267 0
1691109448360 0.09402408211289835 0
1691109448361 0.09398173411517426 0
1691109448361 0.09373277733005764 0
1691109448362 0.09323580384923817 0
1691109448363 0.09306046195419333 0
1691109448364 0.09271598913394087 0
1691109448365 0.09266883684489777 0
1691109448366 0.09242949684234816 0
1691109448368 0.09212717492830612 0
1691109448369 0.09160395519410867 0
1691109448370 0.09148089561848628 0
1691109448371 0.09122706201468343 0
1691109448372 0.0910236841920917 0
1691109448373 0.09071745402127791 0
1691109448374 0.09028382426790893 0
1691109448375 0.09023988307895098 0
1691109448377 0.08991705247767615 0
1691109448378 0.08956135988419493 0
1691109448379 0.08921735315027822 0
1691109448380 0.08906645082294978 0
