1691112724273 0.7640942982353991 0
1691112724275 0.7545049986116397 0
1691112724276 0.7453942612277425 0
1691112724277 0.7360177749619098 0
1691112724277 0.7270671734714638 0
1691112724278 0.7180396875024194 0
1691112724279 0.709390917250461 0
1691112724280 0.6999101886609111 0
1691112724281 0.6916838646937815 0
1691112724281 0.683325414724613 0
1691112724282 0.6754949621493566 0
1691112724283 0.6665637450817751 0
1691112724284 0.6578098537711186 0
1691112724285 0.6492342539780638 0
1691112724285 0.6416456363504706 0
1691112724286 0.6341214148085064 0
1691112724287 0.6268548258193398 0
1691112724288 0.619643954116494 0
1691112724289 0.6117618736238359 0
1691112724289 0.6049045469889334 0
1691112724290 0.5980637278305372 0
1691112724291 0.5914719060860925 0
1691112724292 0.5848937092439346 0
1691112724293 0.57849505030648 0
1691112724294 0.5721563615775559 0
1691112724294 0.5660788825691186 0
1691112724295 0.5600417345636957 0
1691112724296 0.5540665299656652 0
1691112724297 0.5473523260770518 0
1691112724298 0.5407967066669949 0
1691112724298 0.5350435389950793 0
1691112724299 0.5295697514287656 0
1691112724300 0.5241779590232043 0
1691112724301 0.5188094811588255 0
1691112724302 0.5127881211972212 0
1691112724302 0.5076261622124693 0
1691112724303 0.5024447050604205 0
1691112724304 0.4976119313043215 0
1691112724305 0.49209279780866183 0
1691112724306 0.4870523790851177 0
1691112724306 0.48173909239888 0
1691112724307 0.4772047878187487 0
1691112724308 0.47189667041849337 0
1691112724309 0.4672113741017124 0
1691112724310 0.46261903492034756 0
1691112724310 0.4576138558450515 0
1691112724311 0.45324384541309576 0
1691112724312 0.4488845640882451 0
1691112724313 0.44412441933471364 0
1691112724314 0.4401338978516752 0
1691112724314 0.4359876747681455 0
1691112724315 0.4314179202116616 0
1691112724316 0.4270097571117826 0
1691112724317 0.4227452076626283 0
1691112724317 0.4188084660575995 0
1691112724318 0.41492814169511866 0
1691112724319 0.41073322200772566 0
1691112724320 0.4072549344978485 0
1691112724321 0.4037610288249808 0
1691112724321 0.39974836983421486 0
1691112724322 0.39642231617115276 0
1691112724323 0.3925447600796359 0
1691112724324 0.38929681869479954 0
1691112724325 0.3855417581186293 0
1691112724325 0.38186075717193757 0
1691112724326 0.3786688978504563 0
1691112724327 0.37552044823293335 0
1691112724329 0.3725344156200117 0
1691112724329 0.3690339955924918 0
1691112724330 0.3657877048922292 0
1691112724331 0.3628310961926988 0
1691112724332 0.35950984953666126 0
1691112724333 0.3566718426837935 0
1691112724334 0.3535293448981574 0
1691112724334 0.3508516543001639 0
1691112724335 0.3477712929212687 0
1691112724336 0.34473192681093423 0
1691112724337 0.34218248818152086 0
1691112724338 0.33926656963694707 0
1691112724338 0.3364853728253262 0
1691112724339 0.3339366098687475 0
1691112724340 0.33112865537743236 0
1691112724341 0.32843267466868314 0
1691112724342 0.3260366935641017 0
1691112724342 0.32365011980097486 0
1691112724344 0.32101996807144334 0
1691112724344 0.31875400195210635 0
1691112724345 0.31621078315403145 0
1691112724346 0.31414795079335944 0
1691112724347 0.31204024712652845 0
1691112724348 0.3096853116954145 0
1691112724349 0.3073481483711458 0
1691112724350 0.30528253586540033 0
1691112724351 0.3032423587044157 0
1691112724351 0.30096002670295974 0
1691112724352 0.29874964099284057 0
1691112724353 0.29686489106230207 0
1691112724354 0.2946902907699194 0
1691112724355 0.2925953669299537 0
1691112724355 0.29079360990623787 0
