1691112855685 0.6710196711933072 0
1691112855686 0.5827795643762442 0
1691112855693 0.5130715603800189 0
1691112855694 0.4539046844994622 0
1691112855703 0.40315999151416826 0
1691112855705 0.3616582211495148 0
1691112855706 0.32730091475986217 0
1691112855707 0.300607621659202 0
1691112855708 0.27666181650074795 0
1691112855709 0.25491360494449883 0
1691112855711 0.2377822451158602 0
1691112855716 0.22292565384041207 0
1691112855717 0.2103652654039364 0
1691112855718 0.20045214443014436 0
1691112855727 0.19167461710340425 0
1691112855728 0.1848717038843349 0
1691112855730 0.1784209808633726 0
1691112855731 0.17248753415959248 0
1691112855732 0.1674745439333798 0
1691112855733 0.16242328373343806 0
1691112855735 0.1581955066785663 0
1691112855743 0.15484376277709822 0
1691112855744 0.15191543147352557 0
1691112855746 0.14875679118001847 0
1691112855747 0.1465695204221911 0
1691112855748 0.14467989483456029 0
1691112855759 0.14293117756378718 0
1691112855761 0.1415844642313892 0
1691112855762 0.14015965025522187 0
1691112855763 0.1389088144638414 0
1691112855764 0.1376209493568442 0
1691112855765 0.13649415034744414 0
1691112855767 0.1354880189476868 0
1691112855775 0.13469292119799586 0
1691112855777 0.13400636870142224 0
1691112855778 0.13330638937804812 0
1691112855779 0.13244755311748752 0
1691112855781 0.13174473295814068 0
1691112855782 0.13085430894582095 0
1691112855786 0.13041891119279778 0
1691112855788 0.1300968609385046 0
1691112855799 0.12953533997647332 0
1691112855801 0.1292213431766521 0
1691112855802 0.1284940293213972 0
1691112855804 0.12763569513252201 0
1691112855805 0.1271295813140954 0
1691112855807 0.12670693186872437 0
1691112855811 0.12644439923237072 0
1691112855812 0.1257710989321765 0
1691112855818 0.12562108785716422 0
1691112855819 0.1249646627675318 0
1691112855821 0.12447705093952365 0
1691112855831 0.12422571271470138 0
1691112855833 0.12410123620490962 0
1691112855834 0.1234616825148407 0
1691112855836 0.12319689964035122 0
1691112855837 0.12251595138390611 0
1691112855839 0.12240026515118288 0
1691112855843 0.12193513538827007 0
1691112855845 0.12134273892407871 0
1691112855851 0.12101037863559871 0
1691112855852 0.12091554657638261 0
1691112855853 0.12045847741894058 0
1691112855854 0.11996250737254706 0
1691112855860 0.1194049086253332 0
1691112855861 0.11927319226968681 0
1691112855863 0.1188485309406883 0
1691112855864 0.11839835321752873 0
1691112855865 0.11798584664378309 0
1691112855866 0.11792085467071721 0
1691112855868 0.11752758313867462 0
1691112855869 0.11690155659388064 0
1691112855870 0.11648809554623284 0
1691112855872 0.116393188171661 0
1691112855873 0.11633747083764016 0
1691112855874 0.11587333272246533 0
1691112855875 0.1153573912391596 0
1691112855877 0.11499177302840238 0
1691112855878 0.11471238691670835 0
1691112855879 0.11440551196811129 0
1691112855881 0.11393826756594425 0
1691112855883 0.1135814182422443 0
1691112855884 0.11332882795723745 0
1691112855885 0.11326736067849158 0
1691112855887 0.11286432031659303 0
1691112855888 0.11272450256133312 0
1691112855889 0.11239890702992154 0
1691112855890 0.11212797820893643 0
1691112855892 0.11179715559998288 0
1691112855893 0.11160091641522918 0
1691112855895 0.11132410949258165 0
1691112855896 0.11101204807816092 0
1691112855897 0.11072287545109889 0
1691112855898 0.11065294259440984 0
1691112855900 0.1105123047720252 0
1691112855901 0.11045272131765892 0
1691112855902 0.11025785231362946 0
1691112855904 0.10999597053246109 0
1691112855905 0.10967590076548817 0
1691112855906 0.1095203608412019 0
