1691112800981 0.7169285334349682 0
1691112800982 0.6640539453821775 0
1691112800983 0.6174795595334561 0
1691112800984 0.5745641131837599 0
1691112800985 0.5347355397402719 0
1691112800986 0.4989960869925918 0
1691112800987 0.46737101918258495 0
1691112800988 0.4380916943913019 0
1691112800988 0.4119585838150293 0
1691112800989 0.38757894274495824 0
1691112800990 0.3650144610551152 0
1691112800991 0.34449151586175425 0
1691112800992 0.3262882614281545 0
1691112800993 0.3096158531449098 0
1691112800994 0.2944180200033635 0
1691112800994 0.28047771647129127 0
1691112800995 0.26754244207794603 0
1691112800996 0.2561655813856499 0
1691112800997 0.24569953574720912 0
1691112800998 0.2357132167344462 0
1691112800999 0.22671223984475158 0
1691112800999 0.21830655331347823 0
1691112801000 0.21071750717107837 0
1691112801001 0.20387126044665901 0
1691112801005 0.19704506218620238 0
1691112801006 0.1910518265070477 0
1691112801008 0.185254922041477 0
1691112801009 0.18021491163645711 0
1691112801010 0.1756980226130096 0
1691112801012 0.1710798548364669 0
1691112801013 0.1671120119163739 0
1691112801014 0.16323102019674604 0
1691112801016 0.16004495225644444 0
1691112801017 0.15688188656179933 0
1691112801018 0.1538899066854494 0
1691112801020 0.15134387930912555 0
1691112801021 0.14864198079192792 0
1691112801022 0.14624292388282847 0
1691112801023 0.1441327066460474 0
1691112801025 0.14223036203473954 0
1691112801026 0.1402831807789153 0
1691112801027 0.13842218796598782 0
1691112801029 0.13677742042386123 0
1691112801030 0.13524806649953475 0
1691112801031 0.13376203194501388 0
1691112801033 0.13227053362233146 0
1691112801034 0.1309788302387878 0
1691112801035 0.12973009074410496 0
1691112801037 0.12848522230094414 0
1691112801038 0.127466631513695 0
1691112801039 0.12643241721158863 0
1691112801040 0.12545527631049222 0
1691112801042 0.12442197409041203 0
1691112801043 0.1232271792617901 0
1691112801044 0.12232847526686007 0
1691112801046 0.12150629764582227 0
1691112801047 0.1207216390810036 0
1691112801048 0.12005829901289321 0
1691112801050 0.11942901998458325 0
1691112801051 0.11867084883726292 0
1691112801052 0.1179886089359547 0
1691112801053 0.11738066429693836 0
1691112801054 0.11687585210013317 0
1691112801056 0.1162588136547465 0
1691112801057 0.11564028066929034 0
1691112801058 0.11508276324981602 0
1691112801059 0.11456030728102662 0
1691112801060 0.11404777142879421 0
1691112801061 0.11355198611062231 0
1691112801061 0.1128288196319429 0
1691112801062 0.11245087182382428 0
1691112801063 0.11202251173015206 0
1691112801064 0.11156288556667555 0
1691112801065 0.11114788177595512 0
1691112801066 0.11082326116223051 0
1691112801067 0.11050606304787605 0
1691112801068 0.11009212327553364 0
1691112801069 0.10960712561546708 0
1691112801071 0.10926727770105035 0
1691112801072 0.10874795882251025 0
1691112801073 0.10849142159826215 0
1691112801075 0.10814218881355409 0
1691112801076 0.10781522192183751 0
1691112801077 0.1073802531688018 0
1691112801078 0.1071271586138892 0
1691112801080 0.10690704326680682 0
1691112801081 0.10667548323053498 0
1691112801082 0.10641947893613402 0
1691112801083 0.10614064131445874 0
1691112801084 0.10571267010247332 0
1691112801085 0.10534694364275478 0
1691112801086 0.1051075451922911 0
1691112801086 0.10489232072771827 0
1691112801087 0.10455819365315538 0
1691112801088 0.1044707385845755 0
1691112801089 0.10422378773810419 0
1691112801090 0.10399130492504786 0
1691112801091 0.10363489821505584 0
1691112801091 0.10348807639512703 0
1691112801092 0.10335894886887009 0
