1691123839011 0.7627210692381488 0
1691123839012 0.7520439536068825 0
1691123839013 0.7414051756435224 0
1691123839014 0.7311938878686524 0
1691123839015 0.7209619129455124 0
1691123839016 0.7106749186953695 0
1691123839016 0.7008747723969168 0
1691123839017 0.6910904746164241 0
1691123839018 0.6813244729348888 0
1691123839019 0.672252189650351 0
1691123839020 0.6628616332979753 0
1691123839021 0.6538398495292455 0
1691123839022 0.6447778022968473 0
1691123839023 0.6359888880667326 0
1691123839024 0.6275216983219472 0
1691123839025 0.6191197895038453 0
1691123839026 0.6111384653166442 0
1691123839027 0.6031478238897396 0
1691123839028 0.5953481321093872 0
1691123839029 0.5876924747617277 0
1691123839030 0.5801213469293727 0
1691123839031 0.5727203536044498 0
1691123839032 0.5654616971294113 0
1691123839032 0.5583315519199736 0
1691123839033 0.5513539335531088 0
1691123839034 0.5445525367929841 0
1691123839035 0.5379339981830985 0
1691123839036 0.5313301033904007 0
1691123839037 0.5246344693489261 0
1691123839038 0.5183237483195395 0
1691123839039 0.512081018526501 0
1691123839040 0.5057526176592536 0
1691123839041 0.499436396102004 0
1691123839042 0.49341509101748793 0
1691123839042 0.487528632241644 0
1691123839043 0.4816358445080283 0
1691123839044 0.47606176949360884 0
1691123839045 0.4706826656442496 0
1691123839046 0.46520569899776376 0
1691123839047 0.45997406111985345 0
1691123839048 0.45480195721899536 0
1691123839049 0.4496903944374995 0
1691123839050 0.4446423008384386 0
1691123839051 0.4395614518055229 0
1691123839051 0.43448178794251907 0
1691123839052 0.4296443777012005 0
1691123839053 0.4249786051147919 0
1691123839054 0.42035889539683 0
1691123839055 0.4158548447901402 0
1691123839056 0.41150524345162903 0
1691123839057 0.4071016155829369 0
1691123839058 0.4027703598044789 0
1691123839059 0.39853027044488626 0
1691123839060 0.39443079304445444 0
1691123839061 0.39042948776836134 0
1691123839061 0.386398071862865 0
1691123839062 0.3824076962711307 0
1691123839063 0.3784396719366001 0
1691123839064 0.3747030342894186 0
1691123839066 0.3710254863368631 0
1691123839067 0.3673771925361507 0
1691123839068 0.36374101466864833 0
1691123839069 0.36016043674578846 0
1691123839070 0.3567727927910527 0
1691123839071 0.35328215380892614 0
1691123839071 0.34975965486674787 0
1691123839072 0.3462997750440427 0
1691123839073 0.34290418353323615 0
1691123839075 0.3396724102171024 0
1691123839075 0.33655458083728246 0
1691123839076 0.333418829441729 0
1691123839077 0.33033989821151977 0
1691123839078 0.3273666521091059 0
1691123839079 0.3243604712884919 0
1691123839080 0.32145721642822195 0
1691123839081 0.3185222038039326 0
1691123839082 0.31571788520276534 0
1691123839083 0.3129744427480419 0
1691123839084 0.3101781627939784 0
1691123839086 0.3075634473802521 0
1691123839087 0.30488626772364014 0
1691123839089 0.3022048964069646 0
1691123839090 0.29958446094516655 0
1691123839092 0.2971180980978216 0
1691123839093 0.2946907627829248 0
1691123839095 0.29223589400689653 0
1691123839096 0.28981213508512904 0
1691123839097 0.28760528784363043 0
1691123839098 0.28534835268418607 0
1691123839098 0.2830716624159155 0
1691123839099 0.28079889499653976 0
1691123839100 0.2785635615272654 0
1691123839101 0.2764713055483735 0
1691123839102 0.27435754530750883 0
1691123839103 0.2722123507842753 0
1691123839104 0.27017391867877666 0
1691123839105 0.26818161845971344 0
1691123839106 0.26614248619329245 0
1691123839107 0.2642638451391214 0
1691123839108 0.26232773777794494 0
