1691109398857 0.7161792196919484 0
1691109398858 0.6642412477521479 0
1691109398859 0.6171597249641423 0
1691109398860 0.5745939323205345 0
1691109398860 0.5351815889303457 0
1691109398861 0.4993153364069133 0
1691109398862 0.46793386871577963 0
1691109398862 0.4385962916218243 0
1691109398863 0.41229833434139623 0
1691109398864 0.3875682731755574 0
1691109398865 0.3655740993003922 0
1691109398865 0.3452255416854519 0
1691109398866 0.32676814481294747 0
1691109398867 0.3103098592407324 0
1691109398868 0.29451130431171574 0
1691109398868 0.28098633554039126 0
1691109398869 0.2679870687283776 0
1691109398870 0.25623782184719895 0
1691109398871 0.24524640998956182 0
1691109398871 0.23567838288686427 0
1691109398872 0.2266247032093307 0
1691109398873 0.21849057473646888 0
1691109398874 0.21104620911217695 0
1691109398874 0.20378898518105257 0
1691109398875 0.19731589257740775 0
1691109398876 0.191421310157158 0
1691109398876 0.18612474416993743 0
1691109398877 0.18107662494167237 0
1691109398878 0.17649710745886227 0
1691109398879 0.17219402196007622 0
1691109398880 0.16815525936818995 0
1691109398881 0.16431749642431914 0
1691109398882 0.16097166480654404 0
1691109398882 0.15773752846830447 0
1691109398883 0.15492001884386739 0
1691109398884 0.15219802184332873 0
1691109398885 0.14966819785163699 0
1691109398885 0.14738595531541657 0
1691109398886 0.1448667284920992 0
1691109398887 0.14296205589500222 0
1691109398888 0.1409438743745446 0
1691109398888 0.139105793441287 0
1691109398889 0.13721750305318073 0
1691109398890 0.13574076992461262 0
1691109398891 0.13406706537643148 0
1691109398891 0.13277260708681896 0
1691109398892 0.13144352421405034 0
1691109398893 0.1300943560494556 0
1691109398893 0.12889326240960713 0
1691109398894 0.12790112204042287 0
1691109398895 0.12690088632035398 0
1691109398896 0.12591456060697973 0
1691109398896 0.1250302717351389 0
1691109398897 0.1241598783872403 0
1691109398898 0.12294855031515575 0
1691109398899 0.12219887737256109 0
1691109398899 0.12101550932290793 0
1691109398900 0.12026607346215386 0
1691109398901 0.11950715210545115 0
1691109398902 0.11889777522856931 0
1691109398902 0.11828388769184235 0
1691109398903 0.11758949827926084 0
1691109398904 0.11711342292628689 0
1691109398905 0.116535728868252 0
1691109398905 0.11600213803297367 0
1691109398906 0.1154839103589605 0
1691109398907 0.115051687452807 0
1691109398907 0.11454183631541892 0
1691109398908 0.11400193273801593 0
1691109398909 0.11358866575537639 0
1691109398910 0.11310872657915065 0
1691109398910 0.11255511301322702 0
1691109398911 0.11224290066517341 0
1691109398912 0.11171404250742742 0
1691109398912 0.11130224237896001 0
1691109398913 0.11102806270436157 0
1691109398914 0.1106027657716245 0
1691109398915 0.11027485659878282 0
1691109398915 0.1099486562513755 0
1691109398916 0.109607128696223 0
1691109398917 0.10930157432479064 0
1691109398918 0.10900442740873517 0
1691109398918 0.10867894733911648 0
1691109398919 0.10843641570879368 0
1691109398920 0.10814751224695696 0
1691109398921 0.10767628277718938 0
1691109398921 0.10731511429757189 0
1691109398922 0.10704276489774257 0
1691109398923 0.10641520652052953 0
1691109398923 0.10617565622311653 0
1691109398924 0.10586135728806369 0
1691109398925 0.10564923912740581 0
1691109398926 0.10541803238688156 0
1691109398926 0.10516813768219789 0
1691109398927 0.10496032783980123 0
1691109398928 0.10460365268039234 0
1691109398929 0.10437888194720894 0
1691109398929 0.10398033624410886 0
1691109398930 0.10380444128595823 0
1691109398931 0.10358222548699428 0
