1691123878687 0.721855711733785 0
1691123878688 0.6774472697547999 0
1691123878689 0.6380257855639575 0
1691123878690 0.6017380768724869 0
1691123878691 0.5686919652557978 0
1691123878692 0.5385907863624866 0
1691123878693 0.5112848896960823 0
1691123878694 0.48205147809446325 0
1691123878695 0.4576692677405338 0
1691123878695 0.4367626414816802 0
1691123878696 0.41765581327815077 0
1691123878697 0.39782083815003727 0
1691123878698 0.37853660091842944 0
1691123878699 0.3632832958417549 0
1691123878700 0.34776882343490756 0
1691123878701 0.3339841954588283 0
1691123878702 0.3215925047068296 0
1691123878703 0.30887335972151275 0
1691123878704 0.298738208097856 0
1691123878705 0.28922720877169666 0
1691123878705 0.2791942061321185 0
1691123878706 0.27005527707375604 0
1691123878707 0.26273797343814453 0
1691123878708 0.255287939159278 0
1691123878709 0.2489234934514936 0
1691123878710 0.24198301737316505 0
1691123878711 0.2358681397281616 0
1691123878712 0.22980887125402039 0
1691123878713 0.22518626187207966 0
1691123878714 0.22027927597143201 0
1691123878715 0.2154362503632351 0
1691123878716 0.21117560947021977 0
1691123878717 0.20777000449417424 0
1691123878718 0.2037905786776426 0
1691123878719 0.20003057216315762 0
1691123878720 0.19672092832591606 0
1691123878721 0.19366407708054262 0
1691123878722 0.19095128874915215 0
1691123878723 0.1884115290694462 0
1691123878724 0.18586944045789536 0
1691123878725 0.1834963079288592 0
1691123878726 0.18119861051571995 0
1691123878727 0.179202957112562 0
1691123878728 0.17712228661489138 0
1691123878729 0.1752758262617697 0
1691123878730 0.1736736976100992 0
1691123878731 0.17197633624091602 0
1691123878732 0.17034004105842018 0
1691123878732 0.16881870061237866 0
1691123878733 0.16733476731559446 0
1691123878734 0.16587424250285623 0
1691123878735 0.1646425989016258 0
1691123878736 0.16337795382379072 0
1691123878737 0.16224508008779934 0
1691123878738 0.16100176581917852 0
1691123878739 0.1599023431268128 0
1691123878740 0.15890592626898678 0
1691123878741 0.15794947608016327 0
1691123878742 0.1571117686491412 0
1691123878743 0.15624843067452637 0
1691123878744 0.15546851902063588 0
1691123878745 0.1546720385105098 0
1691123878746 0.15399335433089847 0
1691123878746 0.15328324679886512 0
1691123878747 0.15263784371492273 0
1691123878748 0.1520566525634033 0
1691123878749 0.15145378028178932 0
1691123878750 0.15082165723292185 0
1691123878751 0.1503064887909689 0
1691123878752 0.1497817105615732 0
1691123878753 0.14929827686109162 0
1691123878754 0.14881708950369482 0
1691123878755 0.14839145895872113 0
1691123878756 0.1478739492629578 0
1691123878756 0.1474528548179006 0
1691123878757 0.14695767236599583 0
1691123878758 0.1466215096500044 0
1691123878759 0.14626957149801284 0
1691123878760 0.14580429279187346 0
1691123878762 0.14549243068820272 0
1691123878762 0.14519234961239058 0
1691123878763 0.1446877632852693 0
1691123878764 0.14442446353063085 0
1691123878765 0.14412553959541496 0
1691123878766 0.14387578730331887 0
1691123878767 0.1435640294328935 0
1691123878768 0.14319812284921885 0
1691123878769 0.14296244605078884 0
1691123878770 0.14271160412791892 0
1691123878771 0.14247955192562076 0
1691123878772 0.14229854249479257 0
1691123878773 0.1421102284969756 0
1691123878773 0.14191937688007106 0
1691123878774 0.14174041957100658 0
1691123878775 0.1415367394598569 0
1691123878776 0.1413675902778933 0
1691123878777 0.14111196998268555 0
1691123878778 0.14086585139446464 0
1691123878779 0.14072024144634263 0
1691123878780 0.14043663097316658 0
