1691112832993 0.6681254293074101 0
1691112832995 0.5819934042816176 0
1691112832996 0.5113281118029867 0
1691112832997 0.4524959581695429 0
1691112832999 0.40298955217264204 0
1691112833000 0.36157848549048727 0
1691112833002 0.32696857281174885 0
1691112833003 0.29783893054812155 0
1691112833005 0.2734073047763882 0
1691112833006 0.25323969234671306 0
1691112833007 0.23687273245775137 0
1691112833008 0.2229922055291047 0
1691112833010 0.2098035002101409 0
1691112833011 0.19972579002028282 0
1691112833012 0.19045146743313687 0
1691112833013 0.18302287747823165 0
1691112833015 0.17615187430060378 0
1691112833018 0.1707579278493937 0
1691112833019 0.16579546567774123 0
1691112833021 0.16097217268854097 0
1691112833022 0.15694938861565183 0
1691112833023 0.15357466478545845 0
1691112833025 0.15047750425579742 0
1691112833026 0.14734811055132502 0
1691112833028 0.14503074573664756 0
1691112833029 0.14285182858924594 0
1691112833030 0.14089144087368535 0
1691112833032 0.13928338184182965 0
1691112833033 0.1377329007939326 0
1691112833035 0.13656548485013706 0
1691112833036 0.1354061464496726 0
1691112833037 0.13410297297151014 0
1691112833039 0.1330335318608792 0
1691112833040 0.13212108362566413 0
1691112833042 0.13131556176376027 0
1691112833043 0.130485166738732 0
1691112833045 0.1298397230420976 0
1691112833046 0.12894521814360524 0
1691112833048 0.12824930373871488 0
1691112833049 0.12759460387205113 0
1691112833050 0.12711216492873417 0
1691112833052 0.12639925812922692 0
1691112833053 0.125976217567055 0
1691112833054 0.1256518793897914 0
1691112833056 0.12500218002735144 0
1691112833057 0.1240309616629144 0
1691112833059 0.12332842134397144 0
1691112833060 0.12311160758770631 0
1691112833062 0.12254688873287967 0
1691112833063 0.12184778399920644 0
1691112833064 0.12133345247451957 0
1691112833066 0.121073780297602 0
1691112833067 0.12044822642641496 0
1691112833069 0.12023574204477026 0
1691112833070 0.1199651727981842 0
1691112833071 0.11950906178004563 0
1691112833073 0.11908128340030658 0
1691112833074 0.11893926858563605 0
1691112833076 0.11842136378426935 0
1691112833077 0.11796640403649435 0
1691112833078 0.11762573346110411 0
1691112833080 0.11752478660787789 0
1691112833081 0.11716267820317056 0
1691112833083 0.11705009248240246 0
1691112833084 0.11692837274916262 0
1691112833085 0.1166843984757391 0
1691112833087 0.11629544301827918 0
1691112833088 0.11588434473056193 0
1691112833089 0.11543260435338107 0
1691112833091 0.11514577573640686 0
1691112833092 0.11489712190332364 0
1691112833094 0.11453782309610598 0
1691112833095 0.1144523493850287 0
1691112833096 0.11403792003413829 0
1691112833098 0.11367552025059825 0
1691112833099 0.11345930224959551 0
1691112833101 0.1130203854000549 0
1691112833102 0.11293105105421228 0
1691112833103 0.11260086855330263 0
1691112833105 0.11245428880456425 0
1691112833107 0.11210977244580164 0
1691112833108 0.11158210555966833 0
1691112833109 0.11095417758202995 0
1691112833111 0.11076173549742731 0
1691112833112 0.11048605965164571 0
1691112833113 0.11032470488657352 0
1691112833115 0.11006265658153123 0
1691112833116 0.10959529619233167 0
1691112833118 0.10928316587947137 0
1691112833119 0.1090376105998179 0
1691112833121 0.10899868692112415 0
1691112833122 0.10854565855535413 0
1691112833123 0.10837341763198524 0
1691112833125 0.10834148239613046 0
1691112833126 0.10811464639667553 0
1691112833128 0.1079730563027211 0
1691112833129 0.10770716496927443 0
1691112833130 0.10753589098384143 0
1691112833132 0.10727750682812041 0
1691112833133 0.10694632608533534 0
