1691123901154 0.7155082911943524 0
1691123901155 0.6628793455415837 0
1691123901157 0.6152526046244672 0
1691123901158 0.572274426176306 0
1691123901160 0.533283565585482 0
1691123901161 0.49799732071328917 0
1691123901162 0.4659746559951972 0
1691123901163 0.4369838758652104 0
1691123901164 0.41048338867854123 0
1691123901165 0.3864989258923041 0
1691123901166 0.36466203651249435 0
1691123901167 0.3441876406398181 0
1691123901168 0.326057901462004 0
1691123901168 0.30897233739531654 0
1691123901169 0.2935441487903159 0
1691123901170 0.2795153732871554 0
1691123901171 0.26700653683640374 0
1691123901172 0.255389239639732 0
1691123901173 0.24499362544077907 0
1691123901174 0.23473249188256126 0
1691123901175 0.22570627122362721 0
1691123901176 0.21773871395518232 0
1691123901177 0.21009445821794187 0
1691123901178 0.20302474555546512 0
1691123901179 0.19672808208472392 0
1691123901180 0.19103123009369005 0
1691123901181 0.18524745176787513 0
1691123901182 0.18015580352497898 0
1691123901183 0.17559503254726758 0
1691123901184 0.17114337613911254 0
1691123901185 0.16747335669951888 0
1691123901185 0.16354449273695956 0
1691123901186 0.16042745075991882 0
1691123901187 0.15728917987721244 0
1691123901188 0.15426024159673551 0
1691123901189 0.15141071072517878 0
1691123901190 0.1489039375951877 0
1691123901191 0.14672995756892773 0
1691123901192 0.14466126036278099 0
1691123901193 0.14260173648052563 0
1691123901194 0.14076877274377553 0
1691123901195 0.13910708349161538 0
1691123901196 0.13723419624593547 0
1691123901197 0.1356688325712826 0
1691123901198 0.13400642095147622 0
1691123901199 0.1323532774358604 0
1691123901200 0.13084054313747726 0
1691123901200 0.12952802307684272 0
1691123901201 0.12832478228801936 0
1691123901202 0.12677207900802492 0
1691123901203 0.12536663248676483 0
1691123901204 0.12436719333233787 0
1691123901205 0.12339120945199127 0
1691123901206 0.12222894027612079 0
1691123901208 0.1213612177316498 0
1691123901209 0.12045612849084758 0
1691123901211 0.11968157102458347 0
1691123901212 0.11893390502657947 0
1691123901213 0.11821435229092064 0
1691123901214 0.11759162584724678 0
1691123901215 0.11671107633057375 0
1691123901215 0.11616494174257581 0
1691123901216 0.1154282101148627 0
1691123901217 0.11476143877764229 0
1691123901218 0.11424324430675215 0
1691123901219 0.11377327454782087 0
1691123901220 0.11327254091619324 0
1691123901221 0.11278075609290444 0
1691123901222 0.11231677615128598 0
1691123901223 0.11186824384793752 0
1691123901224 0.11137409952947507 0
1691123901225 0.11096246879103519 0
1691123901226 0.11051093998118999 0
1691123901227 0.11008684470359274 0
1691123901228 0.10966787402012648 0
1691123901229 0.10926397692276056 0
1691123901230 0.10881788488878709 0
1691123901231 0.10845600164119762 0
1691123901232 0.1081336617880765 0
1691123901233 0.10773165925931472 0
1691123901234 0.1073620154018991 0
1691123901235 0.10706374633623476 0
1691123901236 0.1067196639599537 0
1691123901237 0.10636356764125371 0
1691123901238 0.10601075740807206 0
1691123901239 0.10572316093783268 0
1691123901240 0.1054022031071947 0
1691123901241 0.10508580851999307 0
1691123901242 0.1048188277945337 0
1691123901243 0.10458636980640627 0
1691123901243 0.10435758074812816 0
1691123901244 0.10413781328299777 0
1691123901245 0.10375799075991197 0
1691123901246 0.10348680689828664 0
1691123901247 0.10332944229515383 0
1691123901248 0.10307066718487433 0
1691123901249 0.10281311112461784 0
1691123901250 0.1024324033580764 0
1691123901251 0.10218293250860333 0
1691123901252 0.1019667053055156 0
