1691112727173 0.7644058266691667 0
1691112727174 0.7539850294840276 0
1691112727175 0.7447338569347144 0
1691112727175 0.734891871825585 0
1691112727176 0.7256397090325587 0
1691112727177 0.7166147959086533 0
1691112727178 0.707770296475458 0
1691112727179 0.6985166366110186 0
1691112727179 0.6901643547231285 0
1691112727180 0.6811498375190451 0
1691112727181 0.6728893038298042 0
1691112727182 0.6652244141618672 0
1691112727183 0.6574483242900834 0
1691112727183 0.6489915820065408 0
1691112727184 0.641369689154935 0
1691112727185 0.6333336843885282 0
1691112727186 0.6260849280323598 0
1691112727187 0.6188194896121737 0
1691112727188 0.6115249928089254 0
1691112727188 0.6044621772388251 0
1691112727189 0.597451278032518 0
1691112727190 0.5908332580516134 0
1691112727191 0.5835774646674698 0
1691112727192 0.5772056224838338 0
1691112727192 0.5708762298278592 0
1691112727193 0.564076861993213 0
1691112727194 0.5580637237473388 0
1691112727195 0.5523062417205749 0
1691112727196 0.5459282153711292 0
1691112727196 0.5401937123955979 0
1691112727197 0.5346868244413944 0
1691112727198 0.5292395659277579 0
1691112727199 0.5231019249740175 0
1691112727200 0.5171351486937272 0
1691112727201 0.5111588927783196 0
1691112727201 0.5060548119326559 0
1691112727202 0.5010330267901806 0
1691112727203 0.4960877716855411 0
1691112727204 0.4912248214633171 0
1691112727205 0.4864875747495019 0
1691112727205 0.48173253592258264 0
1691112727206 0.4765603517167028 0
1691112727207 0.47129766854006805 0
1691112727208 0.46684146545962707 0
1691112727209 0.46176761492071033 0
1691112727209 0.4574111300540528 0
1691112727210 0.4529639784452664 0
1691112727211 0.4486136868032714 0
1691112727212 0.44454073672418043 0
1691112727213 0.44051304132547286 0
1691112727213 0.43582638302137583 0
1691112727214 0.4314168202119988 0
1691112727215 0.4275706866147991 0
1691112727216 0.4233858599736691 0
1691112727217 0.4197211869530941 0
1691112727218 0.415412213116214 0
1691112727219 0.41145399566165425 0
1691112727219 0.40790122291787334 0
1691112727220 0.4039815123720823 0
1691112727221 0.4000320093044589 0
1691112727222 0.39669789488550267 0
1691112727223 0.39336762194056374 0
1691112727224 0.3900121373618009 0
1691112727225 0.38655976324072167 0
1691112727226 0.3829893365145346 0
1691112727227 0.3794235841390419 0
1691112727228 0.37628401499906494 0
1691112727229 0.3731726809973743 0
1691112727230 0.36969404635706626 0
1691112727231 0.36639480708395905 0
1691112727231 0.3630289708707372 0
1691112727232 0.36011254243560364 0
1691112727233 0.3573570315020726 0
1691112727234 0.35421574474145684 0
1691112727235 0.3511235279392064 0
1691112727235 0.34808469196024977 0
1691112727236 0.3454999572609658 0
1691112727237 0.3428651938855723 0
1691112727238 0.34002009699770347 0
1691112727239 0.3376503821718256 0
1691112727239 0.33519506900619417 0
1691112727240 0.3325391628061556 0
1691112727241 0.3297576145113201 0
1691112727242 0.3272391224911376 0
1691112727243 0.3249497698168023 0
1691112727243 0.32239357060263046 0
1691112727244 0.32013857776798843 0
1691112727245 0.31782085524152986 0
1691112727246 0.31542061809654615 0
1691112727247 0.3133279050966254 0
1691112727248 0.3109748282429076 0
1691112727249 0.30885142467902776 0
1691112727249 0.3068933778460518 0
1691112727250 0.3046277016267912 0
1691112727251 0.30247448975700814 0
1691112727252 0.3003385838437897 0
1691112727253 0.29851265540953786 0
1691112727253 0.2966328624930875 0
1691112727254 0.29457733065853237 0
1691112727255 0.29252651666647284 0
