1691123943245 0.6657913340879638 0
1691123943246 0.5787016374606907 0
1691123943247 0.5077739897710095 0
1691123943248 0.44991433878929804 0
1691123943249 0.40001232068756487 0
1691123943250 0.3587462686082978 0
1691123943251 0.325195140118866 0
1691123943251 0.2984584748495415 0
1691123943252 0.2755446961288208 0
1691123943253 0.2551205098186315 0
1691123943254 0.23777130314431458 0
1691123943255 0.22343388916579976 0
1691123943256 0.21109976017295112 0
1691123943257 0.2013089132485555 0
1691123943258 0.19230509949919194 0
1691123943259 0.1844305989778127 0
1691123943260 0.17782158373809825 0
1691123943261 0.1724278212691033 0
1691123943262 0.16718144079644773 0
1691123943263 0.16279615143805962 0
1691123943264 0.15871644534561138 0
1691123943265 0.15509192094004223 0
1691123943266 0.1517648242429069 0
1691123943267 0.14900961328787463 0
1691123943268 0.14660813257439523 0
1691123943269 0.14429969751835717 0
1691123943270 0.14196162386415784 0
1691123943271 0.14005607145589546 0
1691123943272 0.1385227285387138 0
1691123943273 0.13727464594825328 0
1691123943274 0.13575364900524808 0
1691123943275 0.13411385893757874 0
1691123943276 0.13293698712300148 0
1691123943277 0.13212669034317565 0
1691123943278 0.13122618261926985 0
1691123943279 0.13044019385275168 0
1691123943280 0.1297530756560248 0
1691123943280 0.12890732340336172 0
1691123943282 0.12823367053666315 0
1691123943283 0.12754397518813185 0
1691123943284 0.12696150894917704 0
1691123943285 0.126381973627102 0
1691123943286 0.12578316493054773 0
1691123943287 0.12534373317916617 0
1691123943288 0.12483025180024677 0
1691123943289 0.12443991913907537 0
1691123943290 0.12389673390903252 0
1691123943291 0.12363246444931164 0
1691123943292 0.12336645974343984 0
1691123943292 0.12290394282522367 0
1691123943293 0.12249265781701103 0
1691123943295 0.12230832853843068 0
1691123943296 0.1219090216620498 0
1691123943297 0.12162373463470946 0
1691123943298 0.12101256607469142 0
1691123943299 0.12089528212159732 0
1691123943300 0.12059043678805319 0
1691123943301 0.12005645953697751 0
1691123943302 0.11991803473294296 0
1691123943303 0.11945033113844573 0
1691123943304 0.11914844767675117 0
1691123943305 0.11904107346099464 0
1691123943306 0.11863331394307307 0
1691123943307 0.11824340939623355 0
1691123943308 0.11799265729194122 0
1691123943309 0.11709952067697225 0
1691123943310 0.11701416487716444 0
1691123943311 0.11673004829679139 0
1691123943312 0.11642851034326965 0
1691123943313 0.11631726303468323 0
1691123943313 0.11573686805692787 0
1691123943314 0.11525303455188278 0
1691123943315 0.11453467623557052 0
1691123943316 0.114453359069443 0
1691123943318 0.1142276972876707 0
1691123943319 0.1138437388115346 0
1691123943320 0.11378808233885425 0
1691123943321 0.11344463965417684 0
1691123943322 0.1126779128427222 0
1691123943323 0.11243425728432412 0
1691123943324 0.11211580047770811 0
1691123943325 0.11204137935280922 0
1691123943326 0.11188977683874075 0
1691123943327 0.11160075210052887 0
1691123943328 0.1112271961016278 0
1691123943329 0.11095216828964524 0
1691123943329 0.11051202036189957 0
1691123943330 0.11021361431657833 0
1691123943331 0.10991452163852744 0
1691123943332 0.10956869551696724 0
1691123943333 0.10918450413343544 0
1691123943334 0.10883026331090237 0
1691123943335 0.10866034560084027 0
1691123943336 0.10844659043422036 0
1691123943337 0.10819101072400346 0
1691123943338 0.10789735184605816 0
1691123943339 0.10784049198197791 0
1691123943340 0.10752132346063244 0
1691123943341 0.10724005547651898 0
1691123943342 0.10688469058557977 0
