1691123936732 0.6726311492913757 0
1691123936733 0.5937567997949066 0
1691123936734 0.5308257038561266 0
1691123936735 0.47762440029014164 0
1691123936736 0.43347063529828483 0
1691123936737 0.39094050431516464 0
1691123936738 0.35892074040467803 0
1691123936739 0.32835011140832054 0
1691123936740 0.3027040321393272 0
1691123936741 0.2841838993174188 0
1691123936742 0.2663785399184489 0
1691123936743 0.2520922832535206 0
1691123936744 0.23839806367095323 0
1691123936745 0.2275897197699838 0
1691123936746 0.21845724020817678 0
1691123936747 0.20888751987302293 0
1691123936748 0.20157807532852334 0
1691123936749 0.19525303276973147 0
1691123936750 0.18914589943581803 0
1691123936751 0.1839713210181451 0
1691123936752 0.1795694433056431 0
1691123936753 0.17552697723255084 0
1691123936754 0.17225873420645876 0
1691123936755 0.16938214194215276 0
1691123936756 0.16681602923846117 0
1691123936757 0.1641563326287302 0
1691123936758 0.161902344477207 0
1691123936759 0.16018208113774207 0
1691123936760 0.15870281024441849 0
1691123936760 0.1569048054135605 0
1691123936761 0.15549614829562433 0
1691123936762 0.15415904118387047 0
1691123936763 0.15293377924921187 0
1691123936764 0.1519496829146487 0
1691123936765 0.15100615807150128 0
1691123936766 0.14968777966466634 0
1691123936767 0.14886862066505602 0
1691123936768 0.14807677868606184 0
1691123936769 0.14734494457150818 0
1691123936770 0.14675143149112752 0
1691123936771 0.1462717381842547 0
1691123936772 0.14571516357781208 0
1691123936773 0.14506659401607874 0
1691123936774 0.1446513354249855 0
1691123936775 0.1440744054238579 0
1691123936776 0.14373186637127136 0
1691123936777 0.1430012094967729 0
1691123936777 0.14273475344299763 0
1691123936778 0.14240237947354092 0
1691123936779 0.1418125741761059 0
1691123936780 0.14132821863602038 0
1691123936781 0.14095343583797235 0
1691123936782 0.14073877940661444 0
1691123936783 0.1404765225467444 0
1691123936784 0.14021612438138512 0
1691123936785 0.13980504303201446 0
1691123936786 0.13932439785024348 0
1691123936787 0.13911648128320736 0
1691123936788 0.13893111496276578 0
1691123936789 0.13863198076923064 0
1691123936790 0.13831157925736132 0
1691123936791 0.13795269411487343 0
1691123936792 0.137771081535595 0
1691123936793 0.13759643394321178 0
1691123936794 0.1373043677556346 0
1691123936795 0.13721310661759664 0
1691123936796 0.13713459888470714 0
1691123936797 0.13702719910644 0
1691123936798 0.1368912889167844 0
1691123936799 0.13668884285821797 0
1691123936799 0.13657806721902988 0
1691123936800 0.13634152609321215 0
1691123936802 0.13617756036353232 0
1691123936803 0.1354662941225521 0
1691123936804 0.13534989217079912 0
1691123936805 0.13507684183189203 0
1691123936806 0.13494179227381342 0
1691123936807 0.13467621685959053 0
1691123936808 0.13452882082788029 0
1691123936809 0.1344250518184993 0
1691123936810 0.13423490977232597 0
1691123936811 0.13407626421175758 0
1691123936812 0.13391572317764475 0
1691123936813 0.13350739655746663 0
1691123936814 0.1334353984131061 0
1691123936815 0.13316365660579116 0
1691123936816 0.13302385908055725 0
1691123936817 0.13290430408878007 0
1691123936818 0.1328306969410803 0
1691123936819 0.13265470109899533 0
1691123936820 0.1325806524739583 0
1691123936821 0.13226684220971557 0
1691123936822 0.13194824675502304 0
1691123936823 0.13166800690231492 0
1691123936824 0.13133093502718865 0
1691123936825 0.13103719061177713 0
1691123936826 0.1308733653270841 0
1691123936827 0.13080473358330877 0
1691123936828 0.13052240807929827 0
1691123936829 0.13018330508381779 0
