1691123946361 0.6692241320772436 0
1691123946362 0.583659927590078 0
1691123946363 0.5133601495334263 0
1691123946364 0.4517663316655462 0
1691123946365 0.4020627452864345 0
1691123946366 0.35977709547009784 0
1691123946367 0.3265909990763701 0
1691123946368 0.2987779568966013 0
1691123946369 0.27451330282121256 0
1691123946370 0.2558296312234606 0
1691123946371 0.23851554424834856 0
1691123946372 0.22422565710006842 0
1691123946373 0.21258125471373304 0
1691123946373 0.20110805510113888 0
1691123946374 0.19206103066977412 0
1691123946375 0.18462522375148824 0
1691123946376 0.17785839381759672 0
1691123946377 0.17238622603519116 0
1691123946378 0.16695513219535005 0
1691123946379 0.1620727898256898 0
1691123946380 0.1582669606847036 0
1691123946381 0.15501816354313247 0
1691123946382 0.1520486927582779 0
1691123946383 0.14944783304102077 0
1691123946384 0.1466783076637521 0
1691123946385 0.14452349256920646 0
1691123946386 0.14271593146766431 0
1691123946387 0.14085018400276786 0
1691123946388 0.13914445487368077 0
1691123946389 0.13769915859343385 0
1691123946390 0.13660428215781967 0
1691123946391 0.13535447193885417 0
1691123946392 0.13427818463436259 0
1691123946393 0.13336705684394176 0
1691123946394 0.13253890912981567 0
1691123946395 0.13149930318936054 0
1691123946396 0.13079138554569045 0
1691123946397 0.1299497216908589 0
1691123946398 0.12952097358817927 0
1691123946399 0.1290654830624552 0
1691123946400 0.12846551719957996 0
1691123946401 0.12800850778096245 0
1691123946402 0.12749671666684878 0
1691123946403 0.1269527623355423 0
1691123946404 0.12652305240249312 0
1691123946405 0.1259725183362174 0
1691123946406 0.12545121143371013 0
1691123946407 0.12515967885644572 0
1691123946408 0.12442062024526987 0
1691123946409 0.12385001300913878 0
1691123946410 0.12361360150785128 0
1691123946412 0.12320464494848545 0
1691123946413 0.12285119590916409 0
1691123946414 0.12239273717218331 0
1691123946415 0.12166705744631862 0
1691123946416 0.12120368976283852 0
1691123946417 0.12075385401070493 0
1691123946419 0.12063271084887922 0
1691123946420 0.12017310637979582 0
1691123946421 0.11980980258368391 0
1691123946422 0.11971173419246127 0
1691123946423 0.11935388736824688 0
1691123946424 0.11926858812511963 0
1691123946425 0.1188631453163902 0
1691123946426 0.1184668999904624 0
1691123946427 0.11810210590911979 0
1691123946428 0.11791800205310052 0
1691123946429 0.11779526716802241 0
1691123946430 0.11771019449422084 0
1691123946431 0.11720521133379952 0
1691123946432 0.11714854587025328 0
1691123946433 0.11665652765096751 0
1691123946434 0.11659973299912295 0
1691123946436 0.1163001282103851 0
1691123946437 0.1161166014798454 0
1691123946437 0.11569297779854736 0
1691123946439 0.11554958961057296 0
1691123946440 0.11545248957401515 0
1691123946440 0.1149964354541316 0
1691123946441 0.11461406120809578 0
1691123946442 0.11438355506501191 0
1691123946443 0.1142012570184965 0
1691123946444 0.11412172614651578 0
1691123946445 0.11397092629075958 0
1691123946446 0.1137480259330037 0
1691123946447 0.11340542269014331 0
1691123946448 0.11306398288359344 0
1691123946449 0.11262526125253841 0
1691123946450 0.11176410818578389 0
1691123946451 0.11135505334991407 0
1691123946452 0.11121338767787421 0
1691123946453 0.11072380044500466 0
1691123946454 0.11050206963964965 0
1691123946455 0.11022635244862627 0
1691123946456 0.10952548958225806 0
1691123946457 0.10888650858222161 0
1691123946458 0.10876244164297753 0
1691123946459 0.10842074785800389 0
1691123946460 0.10830711279670135 0
1691123946461 0.10805321747913042 0
