1691123835703 0.7627210692381488 0
1691123835704 0.751873475375607 0
1691123835705 0.7412402261294793 0
1691123835705 0.7308149058534084 0
1691123835706 0.7205950907780284 0
1691123835707 0.7105754319531837 0
1691123835708 0.7007524587795889 0
1691123835709 0.6911221800266669 0
1691123835710 0.681686303700616 0
1691123835711 0.6724232769807398 0
1691123835712 0.6633459188631045 0
1691123835713 0.6544339638178532 0
1691123835714 0.6457024569230623 0
1691123835715 0.6371267379821035 0
1691123835716 0.6287252424003332 0
1691123835716 0.6204895790203399 0
1691123835717 0.6123904064496694 0
1691123835718 0.6044644033601972 0
1691123835719 0.596670822084868 0
1691123835720 0.5890430371374574 0
1691123835721 0.5815431332367508 0
1691123835722 0.5742028435877 0
1691123835724 0.5669842440325532 0
1691123835725 0.5599203789166125 0
1691123835727 0.5528441372863052 0
1691123835728 0.5459200697146559 0
1691123835730 0.5392333229609552 0
1691123835731 0.5325692071878732 0
1691123835733 0.5260341153617376 0
1691123835734 0.5195982003538805 0
1691123835735 0.5134240483191704 0
1691123835736 0.5072272650546252 0
1691123835736 0.5011731939878926 0
1691123835737 0.4952103690501298 0
1691123835738 0.4893406032291925 0
1691123835739 0.48347997871481346 0
1691123835740 0.4778666341175841 0
1691123835741 0.47229575529152273 0
1691123835742 0.4668925460786305 0
1691123835743 0.4614648005494997 0
1691123835744 0.4562956447358513 0
1691123835745 0.45116328653795157 0
1691123835746 0.44602563323789934 0
1691123835747 0.441038228485445 0
1691123835748 0.4361768974877502 0
1691123835748 0.4312505299412057 0
1691123835749 0.4263972636833192 0
1691123835750 0.4217686600372546 0
1691123835751 0.41705133727082 0
1691123835752 0.41248223653752675 0
1691123835753 0.4079923187573036 0
1691123835754 0.4036917841482917 0
1691123835755 0.39936288193349323 0
1691123835756 0.3951063362954099 0
1691123835757 0.390933474607295 0
1691123835758 0.386776003391236 0
1691123835758 0.38284864847962546 0
1691123835759 0.3789026123139606 0
1691123835760 0.3749739482820568 0
1691123835761 0.37116890225399773 0
1691123835762 0.36749026753860803 0
1691123835763 0.3638234363845491 0
1691123835764 0.3602052088687032 0
1691123835765 0.35654943687081014 0
1691123835766 0.3530789019556442 0
1691123835767 0.34955551389405043 0
1691123835768 0.34621114825429167 0
1691123835769 0.3428365476750232 0
1691123835770 0.33949558824699727 0
1691123835771 0.336330227562363 0
1691123835772 0.33313362011854464 0
1691123835773 0.3299860900559137 0
1691123835774 0.32698900490657246 0
1691123835775 0.3239547594410841 0
1691123835776 0.32097409049354814 0
1691123835777 0.3180480418691737 0
1691123835778 0.3152580179979016 0
1691123835779 0.31243330055569074 0
1691123835780 0.30964215920895527 0
1691123835781 0.3069991733507718 0
1691123835782 0.30433085533279897 0
1691123835783 0.30169713993431085 0
1691123835784 0.29919370228460934 0
1691123835785 0.296652719681039 0
1691123835786 0.2941400774275609 0
1691123835786 0.29176896886321274 0
1691123835788 0.2893570548202479 0
1691123835789 0.287068433333791 0
1691123835789 0.2847376318114761 0
1691123835790 0.2824348683632984 0
1691123835791 0.28026460192306013 0
1691123835792 0.2780531029792014 0
1691123835793 0.2758575262519145 0
1691123835794 0.2738071365335551 0
1691123835795 0.2717801241522666 0
1691123835796 0.26967771455347217 0
1691123835797 0.26772926741511544 0
1691123835798 0.26573206503153385 0
1691123835799 0.26371448911351264 0
1691123835800 0.26185652664450343 0
