1691109461187 0.656876564898486 0
1691109461188 0.5613293249865485 0
1691109461189 0.4814441671364657 0
1691109461190 0.4169834768236597 0
1691109461191 0.3642428971513839 0
1691109461191 0.32036788292521234 0
1691109461192 0.2850248025530538 0
1691109461193 0.25533410916745114 0
1691109461194 0.2307759990149961 0
1691109461194 0.2108469786418788 0
1691109461195 0.19379283746071274 0
1691109461196 0.17873828444708642 0
1691109461197 0.1671945779829227 0
1691109461198 0.15725464226955385 0
1691109461198 0.14865826808194393 0
1691109461199 0.14083889083343684 0
1691109461200 0.13457237851488532 0
1691109461201 0.12898465911758103 0
1691109461201 0.12432103070004168 0
1691109461202 0.12016033327896275 0
1691109461203 0.11677669873935184 0
1691109461204 0.11370360869804547 0
1691109461205 0.11107886506080629 0
1691109461205 0.10861181647527524 0
1691109461206 0.10671682486045232 0
1691109461207 0.10488894640060877 0
1691109461208 0.10327993032334812 0
1691109461208 0.1014324725379442 0
1691109461209 0.09983860120477137 0
1691109461210 0.09830123379999361 0
1691109461211 0.09725464057935691 0
1691109461211 0.0960273392607884 0
1691109461212 0.09504541324061336 0
1691109461213 0.09397270844216629 0
1691109461214 0.09274775713424595 0
1691109461214 0.09167566203366899 0
1691109461215 0.0905320993188716 0
1691109461216 0.08965537001851231 0
1691109461217 0.08876140967329159 0
1691109461218 0.08838711319781224 0
1691109461218 0.08766175644778172 0
1691109461219 0.08680627773936607 0
1691109461220 0.0861515195381332 0
1691109461221 0.08498738285876868 0
1691109461222 0.0842457793018379 0
1691109461222 0.08337095952257927 0
1691109461223 0.08288150425318912 0
1691109461224 0.08266998088714778 0
1691109461225 0.08210036715549232 0
1691109461225 0.08170211176552838 0
1691109461226 0.08121155855310368 0
1691109461227 0.08103799805309336 0
1691109461228 0.08074436739963181 0
1691109461228 0.08025589245605887 0
1691109461229 0.0800146949933573 0
1691109461230 0.07990550694779591 0
1691109461231 0.07960226803624533 0
1691109461231 0.07950898113907627 0
1691109461232 0.07920045679534915 0
1691109461233 0.07882175536669535 0
1691109461234 0.07854423035583397 0
1691109461235 0.07810229206221382 0
1691109461236 0.07777440396395145 0
1691109461237 0.07699801412222913 0
1691109461238 0.07659945982554164 0
1691109461238 0.07648730531867587 0
1691109461239 0.07589093643568608 0
1691109461240 0.07511485765783385 0
1691109461241 0.07507768098927561 0
1691109461242 0.07477905742068765 0
1691109461242 0.07472988280521836 0
1691109461243 0.07400562665891015 0
1691109461244 0.07379947797500226 0
1691109461245 0.07325921309816842 0
1691109461246 0.07321637839302225 0
1691109461246 0.07270070743622706 0
1691109461247 0.07256193267313663 0
1691109461248 0.072380455577726 0
1691109461249 0.07236419161462572 0
1691109461249 0.07198699141333485 0
1691109461250 0.07179234333612042 0
1691109461251 0.07165641901509988 0
1691109461252 0.0713770973876445 0
1691109461252 0.07122338815594056 0
1691109461253 0.07102471733914421 0
1691109461254 0.07072462687263308 0
1691109461255 0.07050604376139903 0
1691109461256 0.07036070236801459 0
1691109461256 0.07009913440948738 0
1691109461257 0.06975039874395661 0
1691109461258 0.06916478245078161 0
1691109461259 0.06887530156798394 0
1691109461259 0.06834739067366245 0
1691109461260 0.06832234863071608 0
1691109461261 0.06775305476932726 0
1691109461262 0.0676119227231602 0
1691109461263 0.06731716931692025 0
1691109461264 0.06716679847534204 0
1691109461264 0.06707420283067189 0
1691109461265 0.06689690479354826 0
