1691109340757 0.7618928137296954 0
1691109340757 0.7502345242492302 0
1691109340758 0.7388076730169456 0
1691109340759 0.7276027401752301 0
1691109340760 0.7166293696795467 0
1691109340760 0.7058577690850109 0
1691109340761 0.6953045007524271 0
1691109340762 0.6849518910669539 0
1691109340762 0.6748089469117592 0
1691109340763 0.6648606523170401 0
1691109340764 0.6551121170714783 0
1691109340765 0.6455921054778554 0
1691109340765 0.636229940822074 0
1691109340766 0.6270443005563622 0
1691109340767 0.6180680326729434 0
1691109340767 0.6092332826760106 0
1691109340768 0.6006008731244334 0
1691109340769 0.592101599424912 0
1691109340769 0.5837957863724689 0
1691109340770 0.575620952610073 0
1691109340771 0.5676300399846441 0
1691109340771 0.559766719624733 0
1691109340772 0.5520807252786807 0
1691109340773 0.5445091041968297 0
1691109340773 0.5371207124269542 0
1691109340774 0.5298347339891227 0
1691109340775 0.5226989451268353 0
1691109340776 0.5157165742512455 0
1691109340776 0.5088495972836737 0
1691109340777 0.5021252963993901 0
1691109340778 0.4955215704229549 0
1691109340778 0.48905060254581456 0
1691109340779 0.4826905632025082 0
1691109340780 0.4764589049994177 0
1691109340781 0.4703423415451413 0
1691109340781 0.46434228711499725 0
1691109340782 0.45845022966252613 0
1691109340783 0.4526703158335786 0
1691109340783 0.44697756149359186 0
1691109340784 0.4414131438664708 0
1691109340785 0.4359365691077939 0
1691109340785 0.4305309641950541 0
1691109340786 0.42526818630706276 0
1691109340787 0.4201077158391948 0
1691109340787 0.4149982780947704 0
1691109340788 0.4100069570288895 0
1691109340789 0.405113503544862 0
1691109340790 0.4003154307309109 0
1691109340790 0.39560855664742056 0
1691109340791 0.39099456019508433 0
1691109340792 0.3864598312437019 0
1691109340792 0.38202595614262846 0
1691109340793 0.3776704624566958 0
1691109340794 0.37339276262808174 0
1691109340795 0.3691607901929607 0
1691109340795 0.36504067213959246 0
1691109340796 0.36096395066836695 0
1691109340797 0.3569964126331234 0
1691109340797 0.35294945695480423 0
1691109340798 0.34911703293649743 0
1691109340799 0.3452362653411492 0
1691109340800 0.34141285946307626 0
1691109340800 0.3376725411835614 0
1691109340801 0.33410848113422753 0
1691109340802 0.33049898739709876 0
1691109340802 0.3269761127162891 0
1691109340803 0.32347555604798317 0
1691109340804 0.32017091369982875 0
1691109340804 0.31680193840565224 0
1691109340805 0.31350570863626914 0
1691109340806 0.31028218902473614 0
1691109340806 0.30715598581645265 0
1691109340807 0.3040522912416777 0
1691109340808 0.30108504223245464 0
1691109340809 0.29809436463475814 0
1691109340809 0.29514572728483063 0
1691109340810 0.292356455850473 0
1691109340811 0.28952452158122566 0
1691109340811 0.2867460856381302 0
1691109340812 0.28411048876901007 0
1691109340813 0.28142686519617743 0
1691109340814 0.278885802086872 0
1691109340814 0.2762986306036179 0
1691109340815 0.2737466778058864 0
1691109340816 0.27129955754158425 0
1691109340817 0.26885230582190284 0
1691109340818 0.2664420439852855 0
1691109340818 0.2641494502387004 0
1691109340819 0.26183219788024786 0
1691109340820 0.2596044122894021 0
1691109340820 0.25736540286401977 0
1691109340821 0.25523648206821287 0
1691109340822 0.25308805160104936 0
1691109340822 0.2510393740639346 0
1691109340823 0.24895365450617582 0
1691109340824 0.24694481690319148 0
1691109340825 0.2449425639508401 0
1691109340825 0.24284804405331323 0
1691109340826 0.2409662069100846 0
1691109340827 0.239019147241662 0
