1691123820331 0.7638570279622009 0
1691123820332 0.7541238648510138 0
1691123820334 0.7445843916857398 0
1691123820335 0.7352347540364546 0
1691123820336 0.7260711741763899 0
1691123820337 0.7170899495555402 0
1691123820338 0.7082874513046458 0
1691123820338 0.6996598236470335 0
1691123820339 0.6911995442332656 0
1691123820340 0.6829073558764415 0
1691123820341 0.6747759512062945 0
1691123820342 0.6668061222449901 0
1691123820343 0.6589876916624323 0
1691123820344 0.6513233459114518 0
1691123820345 0.643804494992099 0
1691123820346 0.6364338289575147 0
1691123820347 0.6292029846807186 0
1691123820348 0.6221146535083735 0
1691123820349 0.6151606924808366 0
1691123820350 0.6083424596443195 0
1691123820351 0.601653994742184 0
1691123820351 0.5950961888714191 0
1691123820352 0.588663114960459 0
1691123820353 0.5823551714161403 0
1691123820354 0.5761670714951385 0
1691123820355 0.5700960604465627 0
1691123820356 0.5641409878567193 0
1691123820357 0.5582995000393445 0
1691123820358 0.5514823981245621 0
1691123820359 0.5458001108535776 0
1691123820360 0.5399985029831958 0
1691123820361 0.5335260460024897 0
1691123820362 0.5278848409323079 0
1691123820363 0.5223931213238474 0
1691123820364 0.5172390835375945 0
1691123820364 0.51118166470433 0
1691123820365 0.5052446131698403 0
1691123820366 0.499956017636162 0
1691123820367 0.4950650380458512 0
1691123820368 0.4901209140621013 0
1691123820369 0.4851043259309153 0
1691123820370 0.4796292968449621 0
1691123820371 0.47510573705803844 0
1691123820372 0.470466714676834 0
1691123820373 0.46593294121632534 0
1691123820374 0.4608004106668173 0
1691123820374 0.4565735530029967 0
1691123820375 0.45161166081571047 0
1691123820376 0.44721471422538717 0
1691123820377 0.4430601834213158 0
1691123820378 0.43833340712921476 0
1691123820379 0.4336998647619796 0
1691123820380 0.4297458679546581 0
1691123820381 0.4254028287274806 0
1691123820382 0.4215548424491675 0
1691123820383 0.4173828358322413 0
1691123820384 0.41365128017159897 0
1691123820384 0.4096210035915795 0
1691123820385 0.4060270350808131 0
1691123820386 0.4021321110760862 0
1691123820387 0.3987602027964465 0
1691123820388 0.39481807681619857 0
1691123820389 0.391337321474547 0
1691123820390 0.3876928718152011 0
1691123820391 0.3845399055046574 0
1691123820392 0.3809903155258782 0
1691123820392 0.3778400309298383 0
1691123820393 0.3744331790814407 0
1691123820394 0.37137056956305864 0
1691123820395 0.3680509130573357 0
1691123820396 0.36479414673952393 0
1691123820397 0.36189597440332105 0
1691123820398 0.3591352801155302 0
1691123820399 0.3558856984192997 0
1691123820400 0.35266476943761854 0
1691123820401 0.3499245899485704 0
1691123820402 0.34699276107805843 0
1691123820402 0.3443780044536499 0
1691123820403 0.3415463268087336 0
1691123820405 0.3390024624397399 0
1691123820406 0.3362643627127878 0
1691123820407 0.333823581163498 0
1691123820408 0.3311770887880865 0
1691123820409 0.32887133590661316 0
1691123820410 0.32611883430757144 0
1691123820411 0.3237844761386636 0
1691123820412 0.32112088490776086 0
1691123820413 0.31851197758169436 0
1691123820414 0.3163867422661266 0
1691123820415 0.3138574875075329 0
1691123820416 0.31137895441331975 0
1691123820417 0.3092470601007251 0
1691123820417 0.3068460676711864 0
1691123820418 0.30489103502414194 0
1691123820419 0.30256579888569596 0
1691123820420 0.3002954746977177 0
1691123820421 0.29828303379715587 0
1691123820422 0.2962032035465476 0
1691123820423 0.29436516871624685 0
1691123820424 0.2923521149003002 0
