1691112769464 0.7251319538912991 0
1691112769465 0.6812200404051347 0
1691112769466 0.641517254664636 0
1691112769467 0.6055662183379525 0
1691112769467 0.5730373767017102 0
1691112769468 0.5435347900454752 0
1691112769469 0.5114731464025674 0
1691112769470 0.4855766987902633 0
1691112769470 0.46203232548774137 0
1691112769471 0.44044188009357 0
1691112769472 0.4184085643264648 0
1691112769473 0.4001998819697001 0
1691112769474 0.38161347167891674 0
1691112769475 0.3657366699398035 0
1691112769475 0.3492227680524745 0
1691112769476 0.3361602656695288 0
1691112769477 0.3229630331115248 0
1691112769478 0.3115993500520864 0
1691112769478 0.30036748163645366 0
1691112769479 0.2896489522359537 0
1691112769480 0.28077464719092954 0
1691112769481 0.2717085246182977 0
1691112769481 0.2634127112860313 0
1691112769482 0.2561651527257713 0
1691112769483 0.24879097194372723 0
1691112769484 0.24291080230635606 0
1691112769485 0.23681946960609088 0
1691112769485 0.23075942922607426 0
1691112769486 0.22543817821858925 0
1691112769487 0.2206624967630515 0
1691112769488 0.21575769097999944 0
1691112769488 0.2118849722292745 0
1691112769489 0.20788323368209902 0
1691112769490 0.20391275293553598 0
1691112769491 0.20081157345824927 0
1691112769491 0.19741222119089843 0
1691112769492 0.19443383583154586 0
1691112769493 0.19151970372849977 0
1691112769494 0.1887698253604936 0
1691112769494 0.18612150627307958 0
1691112769495 0.18379144893465224 0
1691112769496 0.18163670330698287 0
1691112769497 0.1795269350420316 0
1691112769497 0.17739082236106188 0
1691112769498 0.1753555630868483 0
1691112769499 0.17356111299736518 0
1691112769500 0.17180946270439296 0
1691112769500 0.17009023152888814 0
1691112769501 0.16851085123779364 0
1691112769502 0.16700448877526125 0
1691112769503 0.16566569647812104 0
1691112769504 0.1643733377086461 0
1691112769504 0.1632529354265624 0
1691112769505 0.16213188836781867 0
1691112769506 0.1610486759379689 0
1691112769507 0.1598358923016485 0
1691112769508 0.1588740612309767 0
1691112769510 0.15793444130421602 0
1691112769511 0.15701266420836252 0
1691112769512 0.1561545452951681 0
1691112769514 0.1553900596352929 0
1691112769515 0.1546076922367091 0
1691112769516 0.15390277062157665 0
1691112769518 0.15324740685889335 0
1691112769519 0.1526188403523141 0
1691112769520 0.1519730036790423 0
1691112769521 0.15138026544145528 0
1691112769523 0.15073196674756628 0
1691112769524 0.15013384260929707 0
1691112769525 0.1496268466106623 0
1691112769527 0.149174629233747 0
1691112769528 0.1487433605207554 0
1691112769530 0.148258374328613 0
1691112769531 0.1477662085677051 0
1691112769532 0.14741326634565002 0
1691112769533 0.14701349833084135 0
1691112769535 0.14645091236112812 0
1691112769536 0.1461011070778429 0
1691112769538 0.1457518003707971 0
1691112769540 0.145356158409532 0
1691112769542 0.14497650724708178 0
1691112769543 0.14462249435507132 0
1691112769544 0.14421715156847714 0
1691112769546 0.14392653916987547 0
1691112769547 0.14359706744383222 0
1691112769548 0.1433126429724767 0
1691112769549 0.14308905757333892 0
1691112769550 0.14271443342000936 0
1691112769551 0.14248732659634133 0
1691112769553 0.14225583694166533 0
1691112769554 0.14203800836739533 0
1691112769555 0.14179469885791643 0
1691112769557 0.14158003082068388 0
1691112769558 0.14133873267892064 0
1691112769560 0.14113965845696388 0
1691112769561 0.14098792931252185 0
1691112769562 0.14069117917310012 0
1691112769564 0.14052209536437033 0
1691112769565 0.14028000976964103 0
1691112769566 0.1399838545747516 0
