1691109395723 0.7156675527150118 0
1691109395724 0.6634036181962188 0
1691109395724 0.6165452522013286 0
1691109395725 0.5740013823213566 0
1691109395726 0.5353709186507714 0
1691109395727 0.499918431477563 0
1691109395728 0.4671730248066642 0
1691109395730 0.43751800987089273 0
1691109395731 0.4107197053014315 0
1691109395732 0.386350414025043 0
1691109395733 0.3641427120965717 0
1691109395733 0.3441128532495009 0
1691109395734 0.3260723705152058 0
1691109395735 0.3089440897913719 0
1691109395736 0.2938126076359808 0
1691109395736 0.28006685522256175 0
1691109395737 0.26755728509322274 0
1691109395738 0.2558465775508521 0
1691109395739 0.24492510077034801 0
1691109395740 0.23513132876990578 0
1691109395741 0.22642473902430832 0
1691109395742 0.21786716866272474 0
1691109395744 0.2102303559262349 0
1691109395744 0.2030135805548656 0
1691109395745 0.1967858179352539 0
1691109395746 0.19103527408128468 0
1691109395747 0.18573804793793464 0
1691109395748 0.18038874724222037 0
1691109395748 0.1759268655532159 0
1691109395749 0.17181308779582546 0
1691109395750 0.16794065347410844 0
1691109395751 0.16430836263267937 0
1691109395752 0.1609221202370391 0
1691109395753 0.15748433559634858 0
1691109395753 0.15454895367339458 0
1691109395754 0.15173714561519303 0
1691109395755 0.14899817544874724 0
1691109395756 0.14683465817449645 0
1691109395757 0.14486590256970733 0
1691109395758 0.14248312839156205 0
1691109395758 0.1404893826053613 0
1691109395759 0.1386574667595433 0
1691109395760 0.13706979255541188 0
1691109395761 0.13538575134061154 0
1691109395761 0.13391940170846134 0
1691109395762 0.13231290747302202 0
1691109395763 0.13097008056520623 0
1691109395764 0.12927001797067988 0
1691109395764 0.12804014614174286 0
1691109395765 0.12686410456740854 0
1691109395766 0.12564588446690766 0
1691109395767 0.12467698091940346 0
1691109395768 0.1236850623437365 0
1691109395768 0.12279435269484344 0
1691109395769 0.12189828673113871 0
1691109395770 0.1210482124324856 0
1691109395771 0.12017564780692166 0
1691109395771 0.11940734216327595 0
1691109395772 0.11862353249650945 0
1691109395773 0.11798241686881528 0
1691109395774 0.11727313938458384 0
1691109395774 0.1167131624094007 0
1691109395775 0.11600389023581052 0
1691109395776 0.11550693990066262 0
1691109395777 0.11495869847800469 0
1691109395777 0.11440923683268783 0
1691109395778 0.11391085391252076 0
1691109395779 0.11329894735224642 0
1691109395780 0.11283133096101501 0
1691109395780 0.11243602356559339 0
1691109395781 0.11201690181837747 0
1691109395782 0.1115597224183046 0
1691109395783 0.11116893731142302 0
1691109395783 0.11079883497141023 0
1691109395784 0.11049550294636204 0
1691109395785 0.110131823608072 0
1691109395786 0.10978586214484749 0
1691109395786 0.10950345648322102 0
1691109395787 0.1091534756623093 0
1691109395788 0.10889213207424168 0
1691109395789 0.10853716082171921 0
1691109395789 0.1081895835731239 0
1691109395790 0.107854989720042 0
1691109395791 0.10764476794829442 0
1691109395792 0.10725544488431131 0
1691109395792 0.10691983683861932 0
1691109395793 0.10663764964651234 0
1691109395794 0.10632063068775062 0
1691109395795 0.1060182331750217 0
1691109395795 0.10571152020287858 0
1691109395797 0.10542976793747191 0
1691109395798 0.10518356220464142 0
1691109395798 0.1048518471015283 0
1691109395799 0.1046004047997979 0
1691109395800 0.10437445459145689 0
1691109395801 0.10407841849594662 0
1691109395801 0.10380892051773094 0
1691109395802 0.10348119390450021 0
1691109395803 0.10335253615570736 0
1691109395804 0.10314854298877979 0
