1691123872305 0.7616313308165641 0
1691123872306 0.7495963037973072 0
1691123872307 0.737887480901815 0
1691123872307 0.7263571402400142 0
1691123872308 0.714996866369757 0
1691123872309 0.7039591189903968 0
1691123872310 0.6931087658010583 0
1691123872311 0.6825076508009426 0
1691123872312 0.6720420177726868 0
1691123872313 0.6617991540378553 0
1691123872314 0.651832309072181 0
1691123872315 0.642082799357498 0
1691123872316 0.632339302564257 0
1691123872317 0.6228487530407046 0
1691123872318 0.6135090825851239 0
1691123872319 0.6043290456350974 0
1691123872320 0.59539092314585 0
1691123872321 0.5866280807644167 0
1691123872321 0.5779822425688261 0
1691123872322 0.5694565177662736 0
1691123872323 0.561310833032846 0
1691123872324 0.5533542540052822 0
1691123872325 0.5453174735156993 0
1691123872326 0.5374005227583221 0
1691123872327 0.5296871717271908 0
1691123872328 0.5221287284449021 0
1691123872329 0.5147687653567392 0
1691123872330 0.5074630743431616 0
1691123872333 0.5002788661466651 0
1691123872334 0.4931709841860755 0
1691123872336 0.48621977733491456 0
1691123872337 0.4793273649705352 0
1691123872339 0.4726429707701951 0
1691123872340 0.46612740001537395 0
1691123872341 0.4597806200276189 0
1691123872343 0.4534928431049724 0
1691123872344 0.4474065904212641 0
1691123872346 0.4413670437036074 0
1691123872347 0.4354215020473548 0
1691123872349 0.42966666647107166 0
1691123872350 0.423926130254883 0
1691123872351 0.4184043983924393 0
1691123872353 0.41284100407165086 0
1691123872354 0.407461722854583 0
1691123872356 0.40207897226590766 0
1691123872358 0.39691584783450073 0
1691123872359 0.391789973045971 0
1691123872362 0.3867822137993152 0
1691123872364 0.381817419908675 0
1691123872366 0.3769713615608934 0
1691123872367 0.3722666018954659 0
1691123872369 0.36760969761913603 0
1691123872371 0.36307710619017924 0
1691123872372 0.3586581918604363 0
1691123872374 0.35421388921374886 0
1691123872376 0.34991464938280203 0
1691123872378 0.3456935175108329 0
1691123872380 0.34151915115796694 0
1691123872381 0.33734166912131286 0
1691123872383 0.33325734089908327 0
1691123872385 0.3292921751208569 0
1691123872386 0.32546059637614616 0
1691123872387 0.3216747454028322 0
1691123872389 0.3179329327028658 0
1691123872390 0.3142752061505602 0
1691123872392 0.31069898527110806 0
1691123872393 0.3071352806226679 0
1691123872395 0.303640816334604 0
1691123872396 0.3003254356171161 0
1691123872397 0.29697828388287173 0
1691123872399 0.2936332947481966 0
1691123872400 0.2903247163100528 0
1691123872402 0.2871632438764369 0
1691123872403 0.28409208891338555 0
1691123872405 0.2809763880067414 0
1691123872408 0.27795010774519513 0
1691123872410 0.27503401424143664 0
1691123872412 0.27214944440434896 0
1691123872413 0.2692372303950551 0
1691123872414 0.26638693020549137 0
1691123872415 0.2636563837362901 0
1691123872416 0.2609615854394813 0
1691123872417 0.2583133946926127 0
1691123872418 0.2557293811216361 0
1691123872419 0.2532087668320339 0
1691123872419 0.2506921706544807 0
1691123872420 0.2481784476172815 0
1691123872421 0.24578469615626727 0
1691123872422 0.24342403452696165 0
1691123872423 0.24105017325108988 0
1691123872424 0.2388044113682677 0
1691123872425 0.2365812518230178 0
1691123872426 0.23436365256891442 0
1691123872427 0.23211371156055663 0
1691123872428 0.22996943738585657 0
1691123872429 0.22784828970186008 0
1691123872430 0.22582435551052155 0
1691123872431 0.22377403224490938 0
1691123872432 0.2217655468096621 0
1691123872433 0.2197888113564928 0
