1691112756451 0.7613510526257441 0
1691112756452 0.7491617462125659 0
1691112756452 0.7372148877001735 0
1691112756453 0.725514346791477 0
1691112756454 0.7140463167636433 0
1691112756455 0.7028062409549357 0
1691112756456 0.691785364744589 0
1691112756456 0.6809835888549496 0
1691112756457 0.6704087886512863 0
1691112756458 0.6600246053536847 0
1691112756459 0.6498546256143416 0
1691112756460 0.6398994011666694 0
1691112756461 0.630125776000148 0
1691112756461 0.6205412171194429 0
1691112756462 0.6111523599159442 0
1691112756463 0.6019600434099102 0
1691112756464 0.5929316078022023 0
1691112756465 0.5840744450742393 0
1691112756465 0.5753897484562175 0
1691112756466 0.5668900902423154 0
1691112756467 0.5585394828905489 0
1691112756468 0.5503397766901446 0
1691112756469 0.542326832191101 0
1691112756470 0.5344497078125185 0
1691112756471 0.5267158073381769 0
1691112756472 0.5191289686437005 0
1691112756473 0.5117049022011758 0
1691112756475 0.5044122140012532 0
1691112756476 0.497258227448076 0
1691112756477 0.490265687826475 0
1691112756479 0.48336022277567725 0
1691112756480 0.4765797157505198 0
1691112756482 0.46996353467809904 0
1691112756483 0.463491790144286 0
1691112756485 0.4571178722953605 0
1691112756486 0.4508414245761099 0
1691112756487 0.4447007712809224 0
1691112756488 0.43867325754262165 0
1691112756489 0.4327635684048882 0
1691112756490 0.42694450807532613 0
1691112756491 0.4212745822074008 0
1691112756492 0.41567236331235474 0
1691112756492 0.4102361028998948 0
1691112756493 0.4048363993301354 0
1691112756494 0.3995873031538334 0
1691112756495 0.39441708522089314 0
1691112756496 0.389323681018046 0
1691112756496 0.384344430477604 0
1691112756497 0.379462239599498 0
1691112756498 0.374703519133037 0
1691112756499 0.3699805296966755 0
1691112756500 0.3653636191252392 0
1691112756501 0.36086250968284195 0
1691112756501 0.3564137943043067 0
1691112756502 0.3520528880825401 0
1691112756503 0.34776341719879866 0
1691112756504 0.3435484416536446 0
1691112756505 0.3394451436063302 0
1691112756505 0.3354052867068196 0
1691112756506 0.33145269587546017 0
1691112756507 0.3275618768802622 0
1691112756508 0.32374368924504443 0
1691112756509 0.3200037427273809 0
1691112756510 0.31633260548128544 0
1691112756510 0.31273059992942 0
1691112756511 0.3092151661215664 0
1691112756513 0.3057357692565375 0
1691112756514 0.3023302108440067 0
1691112756515 0.29899822173260515 0
1691112756516 0.2957258989327738 0
1691112756517 0.2925041651078432 0
1691112756517 0.28932824452143696 0
1691112756518 0.2862443780475801 0
1691112756519 0.28321221362822036 0
1691112756520 0.2802245286427123 0
1691112756521 0.27722613583852307 0
1691112756522 0.2742995805307881 0
1691112756522 0.27148002502410273 0
1691112756523 0.26865734474704633 0
1691112756524 0.26595814483886926 0
1691112756525 0.2632811374260618 0
1691112756526 0.2605880994884326 0
1691112756527 0.2580267704663721 0
1691112756528 0.25543855407681976 0
1691112756528 0.2529082168740201 0
1691112756529 0.25041218604222865 0
1691112756530 0.24797536265315584 0
1691112756531 0.24558391856694012 0
1691112756532 0.24324152252201833 0
1691112756532 0.24092360692104722 0
1691112756533 0.2385544150849367 0
1691112756534 0.23628349486686917 0
1691112756535 0.23399629575723244 0
1691112756536 0.23180542135583543 0
1691112756537 0.2296027970398305 0
1691112756537 0.22748440555098037 0
1691112756538 0.22536675612803428 0
1691112756539 0.22329234985018998 0
1691112756540 0.22129960696734643 0
1691112756541 0.2193213489475373 0
