1691123848882 0.7618928137296954 0
1691123848884 0.7502345242492302 0
1691123848885 0.7388076730169456 0
1691123848886 0.7276027401752301 0
1691123848892 0.7166293696795467 0
1691123848893 0.7058577690850109 0
1691123848895 0.6953045007524271 0
1691123848897 0.6849518910669539 0
1691123848899 0.6748089469117592 0
1691123848904 0.6648606523170401 0
1691123848906 0.6551121170714783 0
1691123848909 0.6455921054778554 0
1691123848911 0.636229940822074 0
1691123848912 0.6270443005563622 0
1691123848913 0.6180680326729434 0
1691123848915 0.6092332826760106 0
1691123848917 0.6006008731244334 0
1691123848918 0.592101599424912 0
1691123848920 0.5837957863724689 0
1691123848921 0.575620952610073 0
1691123848923 0.5676300399846441 0
1691123848925 0.559766719624733 0
1691123848927 0.5520807252786807 0
1691123848936 0.5445091041968297 0
1691123848938 0.5371207124269541 0
1691123848940 0.5298347339891227 0
1691123848943 0.5226989451268352 0
1691123848944 0.5157165742512454 0
1691123848946 0.5088495972836737 0
1691123848947 0.50212529639939 0
1691123848949 0.4955215704229549 0
1691123848950 0.4890506025458144 0
1691123848951 0.4826905632025082 0
1691123848953 0.47645890499941757 0
1691123848955 0.47034234154514115 0
1691123848958 0.4643422871149972 0
1691123848960 0.458450229662526 0
1691123848961 0.4526703158335785 0
1691123848962 0.44697756149359186 0
1691123848963 0.4414131438664708 0
1691123848964 0.4359365691077939 0
1691123848965 0.43053096419505404 0
1691123848966 0.42526818630706276 0
1691123848967 0.42010771583919476 0
1691123848967 0.41499827809477036 0
1691123848968 0.4100069570288894 0
1691123848969 0.4051135035448619 0
1691123848970 0.40031543073091075 0
1691123848971 0.3956085566474205 0
1691123848972 0.3909945601950842 0
1691123848973 0.3864598312437018 0
1691123848974 0.3820259561426283 0
1691123848975 0.3776704624566958 0
1691123848977 0.37339276262808174 0
1691123848978 0.3691607901929607 0
1691123848980 0.36504067213959235 0
1691123848981 0.3609639506683669 0
1691123848983 0.3569964126331234 0
1691123848985 0.3529494569548042 0
1691123848988 0.3491170329364973 0
1691123848989 0.34523626534114915 0
1691123848997 0.34141285946307626 0
1691123848999 0.3376725411835613 0
1691123849001 0.3341084811342275 0
1691123849003 0.3304989873970987 0
1691123849004 0.32697611271628907 0
1691123849006 0.32347555604798317 0
1691123849008 0.3201709136998287 0
1691123849009 0.3168019384056522 0
1691123849011 0.3135057086362691 0
1691123849012 0.3102821890247361 0
1691123849014 0.3071559858164526 0
1691123849017 0.30405229124167765 0
1691123849021 0.30108504223245464 0
1691123849023 0.2980943646347581 0
1691123849025 0.2951457272848306 0
1691123849027 0.292356455850473 0
1691123849030 0.28952452158122566 0
1691123849031 0.28674608563813014 0
1691123849033 0.28411048876901 0
1691123849034 0.2814268651961774 0
1691123849036 0.27888580208687197 0
1691123849037 0.27629863060361787 0
1691123849039 0.27374667780588635 0
1691123849040 0.2712995575415842 0
1691123849043 0.26885230582190284 0
1691123849044 0.2664420439852855 0
1691123849045 0.2641494502387004 0
1691123849047 0.26183219788024775 0
1691123849048 0.25960441228940206 0
1691123849049 0.2573654028640197 0
1691123849049 0.25523648206821287 0
1691123849050 0.2530880516010493 0
1691123849051 0.2510393740639346 0
1691123849052 0.24895365450617576 0
1691123849053 0.24694481690319148 0
1691123849054 0.24494256395084005 0
1691123849055 0.24284804405331317 0
1691123849057 0.24096620691008452 0
1691123849058 0.23901914724166196 0
