1691109368540 0.7251319538912991 0
1691109368541 0.681263257914001 0
1691109368542 0.6415172857035273 0
1691109368542 0.605148232120589 0
1691109368543 0.5724070102148285 0
1691109368544 0.538003713844802 0
1691109368545 0.5067165243875946 0
1691109368545 0.48201957696780745 0
1691109368546 0.4581886284397545 0
1691109368547 0.4364744086798368 0
1691109368547 0.4139508648465062 0
1691109368548 0.39598717056990035 0
1691109368549 0.37967146572618043 0
1691109368549 0.36202177844385475 0
1691109368550 0.34640554135302337 0
1691109368551 0.3340320832544015 0
1691109368552 0.32013118992677947 0
1691109368553 0.30876437861449324 0
1691109368553 0.297698782757421 0
1691109368554 0.28754968034042394 0
1691109368555 0.27881813098679764 0
1691109368555 0.2706177553352834 0
1691109368556 0.2626417362810153 0
1691109368557 0.2546900347020985 0
1691109368558 0.24858349652445266 0
1691109368559 0.24176867995467116 0
1691109368559 0.23549181818122686 0
1691109368560 0.23025716467803586 0
1691109368561 0.22486349794017566 0
1691109368562 0.2200000178682109 0
1691109368562 0.2159252497666159 0
1691109368563 0.21188326712268135 0
1691109368564 0.20765420314018948 0
1691109368564 0.20389860286487366 0
1691109368565 0.20075294997245163 0
1691109368566 0.19742151268768804 0
1691109368566 0.19423367544041972 0
1691109368567 0.19141075758240933 0
1691109368568 0.1888867590506264 0
1691109368569 0.18643799710709563 0
1691109368569 0.18389495073285447 0
1691109368570 0.18168643183175998 0
1691109368571 0.1794707411780604 0
1691109368571 0.17746146714819894 0
1691109368572 0.17554984353086922 0
1691109368573 0.1737384529792825 0
1691109368574 0.1721726982912949 0
1691109368575 0.17052390015653057 0
1691109368576 0.1690399573548956 0
1691109368577 0.16757896818487422 0
1691109368579 0.16622592029196168 0
1691109368580 0.1649554550754747 0
1691109368582 0.16378832715320768 0
1691109368583 0.16269590451260582 0
1691109368583 0.16150478870367832 0
1691109368584 0.16048188167316377 0
1691109368585 0.15953154898156 0
1691109368586 0.1586478787872401 0
1691109368586 0.15781916182968922 0
1691109368587 0.15684966742584416 0
1691109368588 0.1560854686500825 0
1691109368589 0.15531811579750557 0
1691109368589 0.15461192124869017 0
1691109368590 0.15383520770302145 0
1691109368591 0.15323294114591832 0
1691109368592 0.1525781137156912 0
1691109368592 0.1518160915572028 0
1691109368593 0.15119168256730253 0
1691109368594 0.15066014466777133 0
1691109368595 0.15014279654648308 0
1691109368595 0.14967701111209636 0
1691109368596 0.14916107857130464 0
1691109368597 0.14871554702045872 0
1691109368597 0.14818615178084896 0
1691109368598 0.1478059724246219 0
1691109368599 0.14743206808686454 0
1691109368599 0.14711417530095647 0
1691109368600 0.14678632666911648 0
1691109368601 0.14636012448126973 0
1691109368602 0.14604087731681295 0
1691109368602 0.145588788052155 0
1691109368603 0.14528922438669908 0
1691109368604 0.14489816543582884 0
1691109368604 0.14465438053265905 0
1691109368605 0.14441491076006507 0
1691109368606 0.14417085965312393 0
1691109368607 0.14382817899757958 0
1691109368607 0.14358767291180335 0
1691109368608 0.14340089603076808 0
1691109368609 0.1430664022215325 0
1691109368609 0.14286421836397245 0
1691109368610 0.1426357703347911 0
1691109368611 0.14243021443393142 0
1691109368612 0.14210945375702458 0
1691109368612 0.1419315166720038 0
1691109368613 0.1417034250860747 0
1691109368614 0.1415428525775561 0
1691109368615 0.14135492024621157 0
1691109368616 0.14120270513883648 0
1691109368617 0.14105388642113414 0
