1691123829174 0.7631762665129947 0
1691123829176 0.7536310134983747 0
1691123829177 0.7442869006660975 0
1691123829178 0.734900855324605 0
1691123829179 0.7256689327796854 0
1691123829180 0.7162387296756849 0
1691123829181 0.7073729733304839 0
1691123829182 0.6990616256908169 0
1691123829183 0.6906107872162414 0
1691123829184 0.6824079535906151 0
1691123829185 0.6744177902210328 0
1691123829186 0.6654985795357172 0
1691123829187 0.6569445054514794 0
1691123829188 0.64916653965866 0
1691123829188 0.640732420114618 0
1691123829189 0.6334521032263511 0
1691123829190 0.6262086632142714 0
1691123829191 0.6192003238624665 0
1691123829192 0.6121135916347771 0
1691123829193 0.6051836684693219 0
1691123829194 0.5984213339781762 0
1691123829195 0.591711586127469 0
1691123829196 0.5851353622589907 0
1691123829197 0.5784927551602076 0
1691123829198 0.572337699856361 0
1691123829199 0.5661558515105387 0
1691123829199 0.5600546592374391 0
1691123829200 0.5533207620775566 0
1691123829201 0.5475417677277338 0
1691123829202 0.5418771065179334 0
1691123829203 0.536235688254175 0
1691123829204 0.5306785622638618 0
1691123829205 0.5253087502064654 0
1691123829206 0.5191555686040822 0
1691123829207 0.5130701183477234 0
1691123829208 0.5080007285954616 0
1691123829209 0.5021364714097815 0
1691123829210 0.497151100033917 0
1691123829211 0.49147782057280415 0
1691123829212 0.48658832753214 0
1691123829213 0.4811572201555636 0
1691123829214 0.47656898705397455 0
1691123829215 0.4713882851728424 0
1691123829216 0.46691237881096664 0
1691123829217 0.46238885738328195 0
1691123829218 0.4573347303352945 0
1691123829219 0.45296867408673025 0
1691123829219 0.448667992747944 0
1691123829220 0.4439091420797426 0
1691123829221 0.43969550317370404 0
1691123829222 0.435106101031234 0
1691123829223 0.4306012869582962 0
1691123829224 0.4264701116227778 0
1691123829225 0.4226450615251001 0
1691123829226 0.41834597457920064 0
1691123829227 0.4147165473818282 0
1691123829228 0.4110397120932131 0
1691123829229 0.4075230640772713 0
1691123829230 0.4034846889197596 0
1691123829230 0.40008010614822814 0
1691123829231 0.3962051824578958 0
1691123829232 0.3924284811938642 0
1691123829233 0.38865795114062873 0
1691123829234 0.38550192216534995 0
1691123829235 0.3819385350194216 0
1691123829236 0.3788615570238651 0
1691123829237 0.37557450709876855 0
1691123829238 0.37262174504035145 0
1691123829239 0.3695962760061778 0
1691123829240 0.36657717754143554 0
1691123829241 0.36334892444865324 0
1691123829242 0.3605507548148395 0
1691123829243 0.35736825111828385 0
1691123829244 0.35417674076651334 0
1691123829245 0.3510387279046865 0
1691123829246 0.3482743592770752 0
1691123829247 0.3457175160689241 0
1691123829248 0.34308129178900987 0
1691123829249 0.34010657511104897 0
1691123829250 0.3372108434718305 0
1691123829251 0.33466953829761104 0
1691123829252 0.33186829958677466 0
1691123829253 0.3291114981296423 0
1691123829254 0.3268394716348323 0
1691123829255 0.3242602370053198 0
1691123829255 0.32172881757637883 0
1691123829256 0.31945866322709837 0
1691123829257 0.31718379615856646 0
1691123829258 0.31497756807878136 0
1691123829259 0.31262826493071505 0
1691123829260 0.3103337680808797 0
1691123829261 0.30796793746704254 0
1691123829262 0.3059823998810468 0
1691123829263 0.30367931860678155 0
1691123829264 0.3014503808649298 0
1691123829265 0.29929532192805386 0
1691123829266 0.2973306637214918 0
1691123829267 0.2954592083289962 0
1691123829267 0.29338154972763636 0
1691123829268 0.2915329712449708 0
