1691109365775 0.7251319538912991 0
1691109365776 0.6812200404051347 0
1691109365777 0.641517254664636 0
1691109365777 0.6055662183379525 0
1691109365778 0.5730373767017102 0
1691109365779 0.5435347900454752 0
1691109365780 0.5114731464025672 0
1691109365780 0.4855766987902633 0
1691109365781 0.4620323254877412 0
1691109365782 0.44044188009356994 0
1691109365783 0.41840856432646467 0
1691109365783 0.4001998819697001 0
1691109365784 0.3816134716789166 0
1691109365785 0.3657366699398035 0
1691109365786 0.3492227680524744 0
1691109365786 0.3361602656695287 0
1691109365787 0.32296303311152474 0
1691109365788 0.3115993500520864 0
1691109365789 0.3003674816364536 0
1691109365790 0.2896489522359537 0
1691109365790 0.2807746471909295 0
1691109365791 0.27170852461829764 0
1691109365792 0.2634127112860312 0
1691109365793 0.2561651527257713 0
1691109365793 0.2487909719437272 0
1691109365794 0.24291080230635606 0
1691109365795 0.23681946960609088 0
1691109365796 0.23075942922607426 0
1691109365796 0.22543817821858922 0
1691109365797 0.22066249676305144 0
1691109365798 0.21575769097999944 0
1691109365798 0.2118849722292745 0
1691109365799 0.20788323368209902 0
1691109365800 0.20391275293553598 0
1691109365801 0.2008115734582492 0
1691109365801 0.19741222119089843 0
1691109365802 0.1944338358315458 0
1691109365803 0.19151970372849977 0
1691109365804 0.1887698253604936 0
1691109365804 0.18612150627307958 0
1691109365805 0.18379144893465224 0
1691109365806 0.18163670330698284 0
1691109365806 0.1795269350420316 0
1691109365807 0.17739082236106188 0
1691109365808 0.1753555630868483 0
1691109365809 0.17356111299736518 0
1691109365809 0.17180946270439296 0
1691109365810 0.17009023152888814 0
1691109365811 0.16851085123779364 0
1691109365812 0.16700448877526125 0
1691109365812 0.165665696478121 0
1691109365813 0.16437333770864607 0
1691109365814 0.1632529354265624 0
1691109365814 0.16213188836781867 0
1691109365815 0.1610486759379689 0
1691109365816 0.1598358923016485 0
1691109365817 0.1588740612309767 0
1691109365818 0.15793444130421605 0
1691109365818 0.15701266420836252 0
1691109365819 0.15615454529516812 0
1691109365820 0.1553900596352929 0
1691109365821 0.15460769223670914 0
1691109365821 0.15390277062157665 0
1691109365822 0.15324740685889338 0
1691109365823 0.15261884035231413 0
1691109365823 0.15197300367904232 0
1691109365824 0.15138026544145528 0
1691109365825 0.1507319667475663 0
1691109365826 0.1501338426092971 0
1691109365826 0.1496268466106623 0
1691109365827 0.14917462923374702 0
1691109365828 0.1487433605207554 0
1691109365829 0.14825837432861302 0
1691109365829 0.1477662085677051 0
1691109365830 0.14741326634565005 0
1691109365831 0.14701349833084135 0
1691109365831 0.14645091236112812 0
1691109365832 0.1461011070778429 0
1691109365833 0.1457518003707971 0
1691109365834 0.145356158409532 0
1691109365834 0.14497650724708178 0
1691109365835 0.14462249435507132 0
1691109365836 0.14421715156847714 0
1691109365836 0.14392653916987547 0
1691109365837 0.14359706744383224 0
1691109365838 0.14331264297247673 0
1691109365839 0.14308905757333892 0
1691109365839 0.1427144334200094 0
1691109365840 0.14248732659634136 0
1691109365841 0.14225583694166535 0
1691109365842 0.14203800836739533 0
1691109365843 0.14179469885791643 0
1691109365844 0.14158003082068388 0
1691109365844 0.14133873267892064 0
1691109365845 0.14113965845696388 0
1691109365846 0.14098792931252185 0
1691109365846 0.14069117917310012 0
1691109365847 0.14052209536437035 0
1691109365848 0.14028000976964103 0
1691109365849 0.1399838545747516 0
