1691109312826 0.7638570279622009 0
1691109312827 0.7541238648510138 0
1691109312828 0.7445843916857398 0
1691109312828 0.7352347540364546 0
1691109312829 0.7260711741763899 0
1691109312830 0.7170899495555402 0
1691109312831 0.7082874513046458 0
1691109312831 0.6996598236470335 0
1691109312832 0.6911995442332656 0
1691109312833 0.6829073558764415 0
1691109312834 0.6747759512062945 0
1691109312834 0.6668061222449901 0
1691109312835 0.6589876916624327 0
1691109312836 0.651323345911452 0
1691109312836 0.6438044949920992 0
1691109312837 0.636433828957515 0
1691109312838 0.6292029846807188 0
1691109312839 0.6221146535083736 0
1691109312839 0.6151606924808368 0
1691109312840 0.6083424596443197 0
1691109312841 0.6016539947421841 0
1691109312842 0.5950961888714194 0
1691109312843 0.5886631149604592 0
1691109312843 0.5823551714161406 0
1691109312844 0.5761670714951385 0
1691109312845 0.5700960604465627 0
1691109312845 0.5641409878567193 0
1691109312846 0.5582995000393445 0
1691109312847 0.5514823981245621 0
1691109312848 0.5458001108535776 0
1691109312849 0.5399985029831958 0
1691109312849 0.5335260460024897 0
1691109312850 0.5278848409323079 0
1691109312851 0.5223931213238474 0
1691109312851 0.5172390835375945 0
1691109312852 0.51118166470433 0
1691109312853 0.5052446131698403 0
1691109312854 0.499956017636162 0
1691109312854 0.4950650380458512 0
1691109312855 0.4901209140621013 0
1691109312856 0.4851043259309153 0
1691109312856 0.4796292968449621 0
1691109312857 0.47510573705803844 0
1691109312858 0.470466714676834 0
1691109312859 0.46593294121632534 0
1691109312859 0.4608004106668173 0
1691109312860 0.4565735530029967 0
1691109312861 0.45161166081571047 0
1691109312861 0.44721471422538717 0
1691109312862 0.4430601834213158 0
1691109312863 0.43833340712921476 0
1691109312863 0.4336998647619796 0
1691109312864 0.4297458679546581 0
1691109312865 0.4254028287274806 0
1691109312866 0.4215548424491675 0
1691109312867 0.4173828358322413 0
1691109312868 0.41365128017159897 0
1691109312869 0.4096210035915795 0
1691109312870 0.4060270350808131 0
1691109312872 0.4021321110760862 0
1691109312874 0.3987602027964465 0
1691109312874 0.39481807681619857 0
1691109312875 0.391337321474547 0
1691109312876 0.3876928718152011 0
1691109312877 0.3845399055046574 0
1691109312877 0.3809903155258782 0
1691109312878 0.3778400309298383 0
1691109312879 0.3744331790814407 0
1691109312879 0.3713705695630587 0
1691109312880 0.3680509130573357 0
1691109312881 0.36479414673952404 0
1691109312881 0.36189597440332105 0
1691109312882 0.3591352801155302 0
1691109312883 0.3558856984192998 0
1691109312883 0.3526647694376186 0
1691109312884 0.3499245899485704 0
1691109312885 0.34699276107805843 0
1691109312886 0.34437800445364997 0
1691109312886 0.3415463268087336 0
1691109312887 0.33900246243973997 0
1691109312888 0.3362643627127878 0
1691109312889 0.33382358116349803 0
1691109312889 0.3311770887880865 0
1691109312890 0.3288713359066132 0
1691109312891 0.32611883430757144 0
1691109312891 0.3237844761386637 0
1691109312892 0.321120884907761 0
1691109312893 0.3185119775816944 0
1691109312894 0.3163867422661266 0
1691109312894 0.313857487507533 0
1691109312895 0.3113789544133198 0
1691109312896 0.3092470601007251 0
1691109312896 0.3068460676711865 0
1691109312897 0.30489103502414194 0
1691109312898 0.30256579888569596 0
1691109312899 0.3002954746977178 0
1691109312900 0.29828303379715587 0
1691109312900 0.29620320354654767 0
1691109312901 0.29436516871624685 0
1691109312902 0.2923521149003003 0
