1691109331354 0.7626507726900165 0
1691109331355 0.7519702675064904 0
1691109331356 0.7413223992895992 0
1691109331357 0.7311341965621372 0
1691109331358 0.7211812042591664 0
1691109331359 0.711121819801973 0
1691109331360 0.7013098280844878 0
1691109331361 0.6918683417061644 0
1691109331362 0.6824270802818763 0
1691109331363 0.6731227663059434 0
1691109331364 0.6637570388509818 0
1691109331365 0.654857249032001 0
1691109331366 0.6460673368819744 0
1691109331367 0.6374945539841532 0
1691109331368 0.6290385095347266 0
1691109331369 0.620744155653797 0
1691109331370 0.6126130934991211 0
1691109331371 0.6045167166623306 0
1691109331372 0.5966810043501136 0
1691109331373 0.5889965751362254 0
1691109331374 0.5815520835044398 0
1691109331375 0.5740485287514207 0
1691109331376 0.5668076701301723 0
1691109331377 0.5597993732332155 0
1691109331378 0.5524796769133851 0
1691109331379 0.5455716108325955 0
1691109331380 0.5387852296827138 0
1691109331381 0.532136863186015 0
1691109331382 0.525710701233218 0
1691109331383 0.519398612161294 0
1691109331384 0.5132085221888059 0
1691109331385 0.5071632794295822 0
1691109331386 0.5010307492890119 0
1691109331386 0.4949293239910909 0
1691109331387 0.4890417987584904 0
1691109331388 0.48323442003189215 0
1691109331389 0.4777158145141201 0
1691109331389 0.47222115496842026 0
1691109331390 0.4667583140261634 0
1691109331391 0.46149049322848257 0
1691109331392 0.4562310684889739 0
1691109331392 0.45118554307478237 0
1691109331393 0.4459032141973327 0
1691109331394 0.4407211075738154 0
1691109331394 0.4358613415922369 0
1691109331395 0.4310157877019821 0
1691109331396 0.42622642676781886 0
1691109331397 0.4216166645639645 0
1691109331397 0.4170495964877647 0
1691109331398 0.4125482743317201 0
1691109331399 0.4082794318945461 0
1691109331399 0.4039944229723048 0
1691109331400 0.39958925890310315 0
1691109331401 0.39554892614912895 0
1691109331402 0.391486261818424 0
1691109331402 0.38731674717056036 0
1691109331403 0.38330069421414276 0
1691109331404 0.3792652532893246 0
1691109331404 0.3753998479065466 0
1691109331405 0.37151901224561346 0
1691109331406 0.3676859420092591 0
1691109331407 0.36397572459759936 0
1691109331407 0.3604585153907884 0
1691109331408 0.3568956447253244 0
1691109331409 0.3533455664874367 0
1691109331409 0.34986550358450624 0
1691109331410 0.3466391363983676 0
1691109331411 0.34332895362050736 0
1691109331411 0.3400317220631033 0
1691109331412 0.336848086528455 0
1691109331413 0.3337155796111588 0
1691109331414 0.33073205957473867 0
1691109331414 0.3276293107383023 0
1691109331415 0.3246634055481748 0
1691109331416 0.32175548631234335 0
1691109331416 0.3188112259749046 0
1691109331417 0.3160106298250393 0
1691109331418 0.3131509040859571 0
1691109331419 0.3103578434192177 0
1691109331420 0.3076735532077824 0
1691109331420 0.3050651237403904 0
1691109331421 0.30251738208327894 0
1691109331422 0.3000124190281411 0
1691109331422 0.29746787915750594 0
1691109331423 0.29492717720248307 0
1691109331424 0.29258702922360463 0
1691109331424 0.290194378287276 0
1691109331425 0.2877765301736684 0
1691109331426 0.28561494105556373 0
1691109331427 0.28330335536398404 0
1691109331428 0.2811465792744921 0
1691109331429 0.278916907069416 0
1691109331430 0.2767075982028249 0
1691109331430 0.274535314362472 0
1691109331431 0.27247512562790294 0
1691109331432 0.27047907905752755 0
1691109331433 0.26852757322125503 0
1691109331434 0.2666077628604584 0
1691109331434 0.26473334971075907 0
1691109331435 0.2628960657449908 0
