1691123976515 0.6573083558777757 0
1691123976516 0.5639316076698818 0
1691123976517 0.4856452702021472 0
1691123976518 0.42207489530180703 0
1691123976519 0.3679812084053869 0
1691123976520 0.32489338573250864 0
1691123976521 0.28819473735933476 0
1691123976522 0.25782557900055036 0
1691123976523 0.23295587150159752 0
1691123976524 0.21228718447407724 0
1691123976525 0.1951146577874414 0
1691123976526 0.18127183009207687 0
1691123976527 0.16912906395749927 0
1691123976528 0.15816097781152763 0
1691123976528 0.14964212814287514 0
1691123976529 0.14212424035416732 0
1691123976531 0.13580293745135366 0
1691123976532 0.13076425287671206 0
1691123976532 0.1262888530727328 0
1691123976533 0.12230362660155326 0
1691123976535 0.11902362196932101 0
1691123976535 0.11567483468378001 0
1691123976536 0.11277530139457163 0
1691123976537 0.11050285556736847 0
1691123976538 0.10812853058903027 0
1691123976540 0.10618097834141584 0
1691123976541 0.1046702670610172 0
1691123976542 0.10304280430146552 0
1691123976543 0.10152412510114006 0
1691123976544 0.10031271172988512 0
1691123976545 0.09887145967060945 0
1691123976546 0.09749685286138975 0
1691123976547 0.09652226999719019 0
1691123976548 0.09525397008555052 0
1691123976549 0.09402161326456657 0
1691123976550 0.09306120696537816 0
1691123976552 0.09204828014381089 0
1691123976553 0.09126556499857859 0
1691123976554 0.090692823330364 0
1691123976555 0.09008860720215099 0
1691123976556 0.08935876921827968 0
1691123976557 0.08854313813906185 0
1691123976557 0.08765450368723213 0
1691123976558 0.08706858683599504 0
1691123976559 0.08655522482295705 0
1691123976560 0.08632491356499578 0
1691123976561 0.08535380008535644 0
1691123976562 0.08476325646410492 0
1691123976563 0.08447472424454208 0
1691123976564 0.08379591917974483 0
1691123976565 0.08355701280299713 0
1691123976566 0.08283935373579507 0
1691123976568 0.08247030769839932 0
1691123976568 0.08225744388662592 0
1691123976569 0.08182075383778606 0
1691123976570 0.0815339529744644 0
1691123976571 0.08135123450300981 0
1691123976572 0.08130590210786184 0
1691123976573 0.08064164886052808 0
1691123976574 0.08012805281327962 0
1691123976575 0.0800319048242065 0
1691123976576 0.07952179941201844 0
1691123976577 0.0791640881368978 0
1691123976578 0.07899983660005154 0
1691123976579 0.07896049660270325 0
1691123976580 0.07841853113752467 0
1691123976581 0.0782320813481393 0
1691123976582 0.07820411877946484 0
1691123976583 0.07773348482318022 0
1691123976584 0.07703235624348616 0
1691123976585 0.0767261553710065 0
1691123976586 0.07628585547016647 0
1691123976587 0.07596727085188179 0
1691123976589 0.07566542158847106 0
1691123976590 0.07529404831281794 0
1691123976591 0.07523891360877594 0
1691123976592 0.07475326323014474 0
1691123976593 0.07452244199211257 0
1691123976594 0.07402778414179824 0
1691123976595 0.07362484800022132 0
1691123976596 0.07327527667532255 0
1691123976597 0.07287246647345283 0
1691123976599 0.07230632322904898 0
1691123976601 0.07186824565412174 0
1691123976603 0.07163561821132657 0
1691123976605 0.07134584288794386 0
1691123976608 0.07102234280499832 0
1691123976609 0.0707509532881787 0
1691123976610 0.07058588787197335 0
1691123976611 0.07013927773986782 0
1691123976612 0.06989404608657569 0
1691123976613 0.06976250952572678 0
1691123976614 0.06943987666603799 0
1691123976615 0.06917979712051427 0
1691123976616 0.06887698200477453 0
1691123976617 0.06870767741246674 0
1691123976618 0.06834161360319914 0
1691123976619 0.06805780433844068 0
1691123976620 0.06774665780380501 0
1691123976620 0.06749263906544785 0
