1691123959590 0.6611045088576234 0
1691123959592 0.5704204734934831 0
1691123959593 0.49543362361200466 0
1691123959595 0.43424477262170696 0
1691123959596 0.38320710226307453 0
1691123959597 0.3407778918190678 0
1691123959598 0.30652572626010677 0
1691123959599 0.2773877847405631 0
1691123959600 0.25261014141299976 0
1691123959601 0.23266980247869365 0
1691123959602 0.21594200849671064 0
1691123959603 0.2020625542687489 0
1691123959604 0.19044601289751498 0
1691123959605 0.17935045164091057 0
1691123959606 0.17057999589810885 0
1691123959607 0.16276214466802538 0
1691123959608 0.1561345155438739 0
1691123959609 0.15082267054286552 0
1691123959610 0.14630990469449523 0
1691123959611 0.14171881448629084 0
1691123959612 0.13761865007025298 0
1691123959613 0.13476971896448575 0
1691123959614 0.1320388271449385 0
1691123959615 0.1291154697251948 0
1691123959616 0.12697196455075757 0
1691123959617 0.12472958900527045 0
1691123959618 0.12244062361877005 0
1691123959619 0.12067483631285579 0
1691123959620 0.1192917557936673 0
1691123959620 0.11800273732653234 0
1691123959621 0.11699782598608104 0
1691123959622 0.1158744873347853 0
1691123959623 0.11501350919824055 0
1691123959624 0.11387208976955288 0
1691123959625 0.11290234234824657 0
1691123959626 0.1123257605782539 0
1691123959627 0.1115088294467144 0
1691123959628 0.11083148550626858 0
1691123959629 0.11020069669760421 0
1691123959630 0.10952939122451606 0
1691123959631 0.10880955866551686 0
1691123959632 0.10841846738580943 0
1691123959633 0.10780757422435229 0
1691123959634 0.10704720830768753 0
1691123959635 0.10652120810049333 0
1691123959636 0.1060193923277571 0
1691123959637 0.10554606705544746 0
1691123959638 0.10530228993905215 0
1691123959640 0.1048530100611732 0
1691123959641 0.10472199553906206 0
1691123959642 0.10454227342216461 0
1691123959643 0.10439686652820437 0
1691123959644 0.1037397081623508 0
1691123959645 0.10332006133418108 0
1691123959646 0.10310856301265012 0
1691123959647 0.10275289150389283 0
1691123959648 0.10215887498968028 0
1691123959649 0.10189126016867028 0
1691123959650 0.10172972784957882 0
1691123959651 0.10113741134592202 0
1691123959652 0.1007501820867001 0
1691123959653 0.10056457016775011 0
1691123959654 0.10048480761654784 0
1691123959655 0.1002300901321774 0
1691123959656 0.09986920881716128 0
1691123959656 0.09934510088518209 0
1691123959657 0.09908341617460031 0
1691123959658 0.0984843033904458 0
1691123959659 0.09830443240576749 0
1691123959660 0.09809921654739348 0
1691123959661 0.09769922732665008 0
1691123959662 0.09763320912477655 0
1691123959664 0.09710907191790345 0
1691123959665 0.09667328434125325 0
1691123959666 0.09635206447123404 0
1691123959667 0.09628983932181318 0
1691123959668 0.09595404716532317 0
1691123959669 0.0957776865294173 0
1691123959670 0.09538668768860392 0
1691123959671 0.0948927474325257 0
1691123959673 0.09458474146937922 0
1691123959674 0.0939750722778544 0
1691123959675 0.09392313046840071 0
1691123959676 0.09362685291035808 0
1691123959676 0.0934564585607924 0
1691123959677 0.09309498508691502 0
1691123959678 0.09259135136996319 0
1691123959679 0.09198928985256133 0
1691123959681 0.09178886576324388 0
1691123959682 0.09138920643673461 0
1691123959683 0.0913490703997171 0
1691123959684 0.09090058833214221 0
1691123959684 0.09046581045966293 0
1691123959685 0.09004882052924633 0
1691123959686 0.08968025552679727 0
1691123959687 0.08942049547818134 0
1691123959688 0.08924029305367574 0
1691123959689 0.08886879985344347 0
1691123959690 0.08880209286575007 0
1691123959691 0.08835988059522519 0
