1691112739903 0.7626779668046167 0
1691112739904 0.751946425876292 0
1691112739905 0.7411320559877678 0
1691112739905 0.7312449570050631 0
1691112739906 0.7208082473045166 0
1691112739907 0.7107228746341687 0
1691112739908 0.7011899214721603 0
1691112739909 0.6914475813320928 0
1691112739909 0.6818561197976735 0
1691112739910 0.672754098604973 0
1691112739911 0.6639001571650281 0
1691112739912 0.654933241609051 0
1691112739913 0.64590666907485 0
1691112739914 0.6372729165058872 0
1691112739914 0.6288861530215683 0
1691112739915 0.6207206811315928 0
1691112739916 0.6129391972466527 0
1691112739917 0.6051731845350724 0
1691112739918 0.5975193467348897 0
1691112739918 0.5899673423555827 0
1691112739919 0.5821012324246051 0
1691112739920 0.5744200548679147 0
1691112739921 0.5670750483220296 0
1691112739922 0.5600061762400936 0
1691112739922 0.552883026195691 0
1691112739923 0.5460777977274238 0
1691112739924 0.5392521978791964 0
1691112739925 0.5328455791375656 0
1691112739926 0.5261602074743605 0
1691112739926 0.5197394245088729 0
1691112739927 0.5132639459741942 0
1691112739928 0.5069873294219656 0
1691112739929 0.500842582134257 0
1691112739930 0.4946286929974879 0
1691112739931 0.4885473227412417 0
1691112739931 0.48279222352017476 0
1691112739932 0.47695536868694094 0
1691112739933 0.47155837708043086 0
1691112739934 0.466197205113663 0
1691112739935 0.46110444327257605 0
1691112739935 0.4560908633978409 0
1691112739936 0.4511248271845691 0
1691112739937 0.4458442365281606 0
1691112739938 0.44089020836332915 0
1691112739939 0.43593436032253335 0
1691112739939 0.43094260046299526 0
1691112739940 0.4262202822817475 0
1691112739941 0.42163332630234074 0
1691112739942 0.41698538067813945 0
1691112739943 0.41255326230075795 0
1691112739943 0.4082930617525183 0
1691112739944 0.4040890800721475 0
1691112739945 0.39961287847910987 0
1691112739946 0.3951995854325989 0
1691112739947 0.391123110437915 0
1691112739948 0.38717225042389747 0
1691112739948 0.3832078544407153 0
1691112739949 0.3791330080106296 0
1691112739950 0.3753118206455622 0
1691112739951 0.37157016100555096 0
1691112739952 0.3678799574415931 0
1691112739952 0.3641984934416851 0
1691112739953 0.36063849840239776 0
1691112739954 0.3569847538567061 0
1691112739955 0.35336796634030354 0
1691112739956 0.35009669384140624 0
1691112739956 0.34667457102939303 0
1691112739957 0.3433076203091494 0
1691112739958 0.3401331917908798 0
1691112739959 0.33680883310377197 0
1691112739960 0.333620061959639 0
1691112739960 0.3306766956945142 0
1691112739961 0.327774492126453 0
1691112739962 0.3248984383075728 0
1691112739963 0.321969246393327 0
1691112739964 0.31894281295941934 0
1691112739965 0.3160814932824443 0
1691112739965 0.31331187799827587 0
1691112739966 0.31045609605084584 0
1691112739967 0.30781748145040155 0
1691112739968 0.3050968809224957 0
1691112739969 0.30266366569071423 0
1691112739970 0.3002573463448537 0
1691112739971 0.2978430607077676 0
1691112739972 0.29537975430006713 0
1691112739973 0.29296541522409675 0
1691112739974 0.2906404924601659 0
1691112739975 0.28830261997375417 0
1691112739976 0.2858573253744832 0
1691112739977 0.2836096166525173 0
1691112739978 0.28121808505604384 0
1691112739979 0.27899840067168963 0
1691112739979 0.27680646479003523 0
1691112739980 0.27456803467728846 0
1691112739981 0.2725129866079121 0
1691112739982 0.2704045581938863 0
1691112739983 0.2684505419133563 0
1691112739983 0.266619172797626 0
1691112739985 0.264623345743864 0
1691112739988 0.26260740916434144 0
