1691123884715 0.722368240515496 0
1691123884717 0.6758944573483519 0
1691123884718 0.6361195819698304 0
1691123884720 0.6002761640585892 0
1691123884722 0.566995947206489 0
1691123884723 0.5377135515558606 0
1691123884725 0.509835281511843 0
1691123884726 0.48493401401780073 0
1691123884728 0.4583091044635189 0
1691123884729 0.43393452017032624 0
1691123884731 0.4131153362814409 0
1691123884732 0.3932710454651482 0
1691123884733 0.3761851256156074 0
1691123884734 0.3612663965738007 0
1691123884735 0.34557933567141447 0
1691123884736 0.33292668433745626 0
1691123884737 0.3198208596763766 0
1691123884737 0.30896899003191586 0
1691123884738 0.2986747624541439 0
1691123884739 0.28799847925312333 0
1691123884740 0.2796313774198508 0
1691123884741 0.2709735202959899 0
1691123884742 0.2628448592403662 0
1691123884743 0.25534835938910155 0
1691123884744 0.24789747135799017 0
1691123884745 0.24152784271252137 0
1691123884746 0.23538083806817484 0
1691123884747 0.22989198382364162 0
1691123884748 0.22532194294653074 0
1691123884748 0.2212011117683055 0
1691123884749 0.21677968137352258 0
1691123884750 0.21213597101449305 0
1691123884751 0.20781586214513356 0
1691123884752 0.20452493828052148 0
1691123884753 0.20095576272282706 0
1691123884754 0.19759952598250366 0
1691123884755 0.19455065022889598 0
1691123884756 0.19150834643036707 0
1691123884757 0.18867314118978779 0
1691123884758 0.18622324425891557 0
1691123884759 0.18385095214949465 0
1691123884760 0.1816950108028713 0
1691123884761 0.1795323840651413 0
1691123884761 0.1776269850828072 0
1691123884762 0.17582634684753415 0
1691123884763 0.1742016798031133 0
1691123884764 0.17253004405502204 0
1691123884765 0.17084504694079342 0
1691123884766 0.1692782320028158 0
1691123884767 0.1679813220525951 0
1691123884768 0.1665699041118472 0
1691123884769 0.1652206706795455 0
1691123884770 0.1640651983455996 0
1691123884771 0.16283881858703542 0
1691123884772 0.16160000354967946 0
1691123884773 0.1604986362666436 0
1691123884773 0.15955970938160824 0
1691123884774 0.1585437916303952 0
1691123884775 0.157619852131064 0
1691123884776 0.15673680615855953 0
1691123884777 0.15590844236538448 0
1691123884778 0.15519471195424844 0
1691123884779 0.1544197751291668 0
1691123884780 0.1536614773517763 0
1691123884781 0.1530191532104075 0
1691123884782 0.1523411886486271 0
1691123884783 0.15174879806975064 0
1691123884784 0.15126119303434366 0
1691123884785 0.15071518921736976 0
1691123884786 0.15021645912947487 0
1691123884787 0.14970800443434337 0
1691123884788 0.1492655060974042 0
1691123884789 0.14874739774852827 0
1691123884790 0.1482800008485802 0
1691123884791 0.14786779654653553 0
1691123884792 0.14746552699808527 0
1691123884792 0.14708803999112163 0
1691123884793 0.14660823143504267 0
1691123884794 0.1461995363770447 0
1691123884795 0.1457693094059379 0
1691123884796 0.1454235055976343 0
1691123884797 0.1451462627767804 0
1691123884798 0.14488677094188512 0
1691123884800 0.14457545276555145 0
1691123884800 0.1442432902987231 0
1691123884801 0.14388512077883372 0
1691123884803 0.14367386529686282 0
1691123884804 0.1434266314007265 0
1691123884805 0.14317411362514645 0
1691123884806 0.14290733960894736 0
1691123884807 0.1426221478797116 0
1691123884808 0.14243505109215826 0
1691123884809 0.1422342937798818 0
1691123884810 0.1420161546290732 0
1691123884811 0.1418302109399814 0
1691123884811 0.14141728973507833 0
1691123884812 0.14126425360679382 0
1691123884813 0.14096937704937482 0
1691123884814 0.14069195986310604 0
1691123884815 0.14053985494402146 0
