1691109402124 0.712853934026752 0
1691109402125 0.6578908631792314 0
1691109402126 0.6082339140605781 0
1691109402127 0.5634668923268928 0
1691109402128 0.5229275710471692 0
1691109402128 0.4861028874112896 0
1691109402129 0.4526803199410159 0
1691109402130 0.4221933117197419 0
1691109402131 0.39491017697471276 0
1691109402132 0.3698233273103167 0
1691109402132 0.3471589692223738 0
1691109402133 0.3266733142465849 0
1691109402134 0.3079957349426016 0
1691109402135 0.29112067511746215 0
1691109402135 0.2757420554499735 0
1691109402136 0.2614834608693278 0
1691109402137 0.24819952280729307 0
1691109402138 0.23641990202407076 0
1691109402138 0.22539516120519124 0
1691109402139 0.21538971573089075 0
1691109402140 0.20634250884140046 0
1691109402141 0.19789798022622987 0
1691109402142 0.19020342166624976 0
1691109402143 0.1833894479243232 0
1691109402145 0.17698876093446522 0
1691109402146 0.17121575211485462 0
1691109402146 0.16586745657104185 0
1691109402147 0.1610260833854646 0
1691109402148 0.1565284630503161 0
1691109402149 0.15180002450676158 0
1691109402150 0.14787946857869536 0
1691109402151 0.1441541649000532 0
1691109402152 0.14060432187734206 0
1691109402153 0.13734422777689742 0
1691109402154 0.13444536225332496 0
1691109402154 0.13188032515504516 0
1691109402155 0.1291766406662511 0
1691109402156 0.12677019179855353 0
1691109402157 0.12443251697962757 0
1691109402157 0.1224415632739519 0
1691109402158 0.12045170609084595 0
1691109402159 0.11873971066983904 0
1691109402160 0.1170655458518716 0
1691109402160 0.11553702717896944 0
1691109402161 0.114175867780772 0
1691109402162 0.11255289560268351 0
1691109402163 0.11110241529243313 0
1691109402164 0.10994742202268729 0
1691109402164 0.10860175336911053 0
1691109402165 0.10737239504003387 0
1691109402166 0.10627181326300529 0
1691109402167 0.10538083810378968 0
1691109402167 0.10440915030991688 0
1691109402168 0.1036108644300669 0
1691109402169 0.1027821082703069 0
1691109402170 0.10209838976894318 0
1691109402171 0.10126907551365205 0
1691109402171 0.10027834899128782 0
1691109402172 0.09964844282550789 0
1691109402173 0.09889582242456237 0
1691109402173 0.09824909723687236 0
1691109402174 0.09744511304699968 0
1691109402175 0.09663086633271992 0
1691109402176 0.09590843343474292 0
1691109402176 0.09524588076434048 0
1691109402177 0.09459276220850033 0
1691109402178 0.09406866171773799 0
1691109402179 0.09349513791373096 0
1691109402179 0.09296016260785708 0
1691109402180 0.09243944573549176 0
1691109402181 0.09206437645422647 0
1691109402182 0.09164546091758474 0
1691109402182 0.09116471096277877 0
1691109402183 0.09080105792462125 0
1691109402184 0.09045103909056015 0
1691109402184 0.09000428439558485 0
1691109402185 0.08969246535190634 0
1691109402186 0.08928464775579154 0
1691109402187 0.08893692066897652 0
1691109402187 0.08860450927618445 0
1691109402188 0.08810557674291794 0
1691109402189 0.08775838978777135 0
1691109402190 0.08748015439080041 0
1691109402190 0.08699553700336145 0
1691109402191 0.0865684005004414 0
1691109402192 0.08619877084783327 0
1691109402193 0.0859788893468895 0
1691109402194 0.08555334153430377 0
1691109402194 0.08516993587477259 0
1691109402195 0.084822628766116 0
1691109402196 0.0846073532252986 0
1691109402197 0.08424577807575873 0
1691109402197 0.08381193419763863 0
1691109402198 0.08360446129124297 0
1691109402199 0.08326837218735224 0
1691109402200 0.08300215259427111 0
1691109402201 0.08281933900329554 0
1691109402202 0.08243897377494974 0
1691109402202 0.0822274248676073 0
1691109402203 0.08197388488741768 0
