1691123952801 0.6602174621412695 0
1691123952802 0.5681809388971893 0
1691123952803 0.4926496819303027 0
1691123952804 0.4312047125401388 0
1691123952805 0.3805313510694318 0
1691123952806 0.33893418835976524 0
1691123952807 0.30450519442469604 0
1691123952808 0.27507059670866774 0
1691123952809 0.2508574699338096 0
1691123952810 0.2313876817157123 0
1691123952811 0.21415716848014807 0
1691123952812 0.19986363225312204 0
1691123952813 0.18828322363131209 0
1691123952814 0.17757054114700643 0
1691123952815 0.16898736000819561 0
1691123952816 0.16116392895804899 0
1691123952817 0.15514256888737366 0
1691123952818 0.1493565297820188 0
1691123952819 0.14496879136408028 0
1691123952820 0.1410841809938487 0
1691123952821 0.13734460315163738 0
1691123952821 0.13425127895359093 0
1691123952822 0.13077950446010903 0
1691123952823 0.127972120013041 0
1691123952824 0.1258073461980323 0
1691123952825 0.12312712130523316 0
1691123952826 0.12131028489995173 0
1691123952827 0.11963001114862601 0
1691123952828 0.11823252416134937 0
1691123952829 0.11644590568904904 0
1691123952830 0.11519349461347948 0
1691123952831 0.11386645620523178 0
1691123952832 0.11299637813230046 0
1691123952833 0.11203931223857316 0
1691123952834 0.11076124939966409 0
1691123952835 0.10983936730340081 0
1691123952836 0.10900141989518157 0
1691123952837 0.10814147935323362 0
1691123952838 0.10722201897477518 0
1691123952839 0.10649913982128974 0
1691123952840 0.10603379280641023 0
1691123952841 0.10546452348514486 0
1691123952842 0.10490667796076578 0
1691123952843 0.10426222308364728 0
1691123952844 0.10378931535803657 0
1691123952845 0.10337391338419787 0
1691123952846 0.10280646160121905 0
1691123952847 0.10225554909217856 0
1691123952848 0.10168444299757128 0
1691123952848 0.10106029009955167 0
1691123952849 0.10042818108274909 0
1691123952850 0.10006689572970887 0
1691123952851 0.09995545773809207 0
1691123952852 0.09956084807246365 0
1691123952853 0.0992308272796776 0
1691123952854 0.09914662898572679 0
1691123952855 0.09868264951435375 0
1691123952856 0.09795000494180571 0
1691123952857 0.09788530034504989 0
1691123952858 0.09759483426767541 0
1691123952859 0.09753406124128089 0
1691123952860 0.09698386994306774 0
1691123952861 0.09654609134192599 0
1691123952862 0.09614971458467261 0
1691123952863 0.09602929373621948 0
1691123952864 0.09598234520945549 0
1691123952865 0.09554354714345067 0
1691123952866 0.09545687079030633 0
1691123952867 0.09529128235599335 0
1691123952868 0.09521309902822296 0
1691123952869 0.09513209765610023 0
1691123952870 0.09457746925788428 0
1691123952871 0.09450611822536079 0
1691123952872 0.0944329158427379 0
1691123952873 0.09393903524267791 0
1691123952874 0.09384514452674793 0
1691123952875 0.09352765736730201 0
1691123952876 0.0931464698702975 0
1691123952877 0.0927671304158621 0
1691123952878 0.09264266232452338 0
1691123952879 0.09214408033604231 0
1691123952880 0.0917211585658372 0
1691123952882 0.09157770713220881 0
1691123952883 0.09146434286632113 0
1691123952883 0.0913965040153497 0
1691123952884 0.09100928224261236 0
1691123952885 0.09080469118529524 0
1691123952886 0.0901907003026148 0
1691123952887 0.08986525332817015 0
1691123952888 0.08956890810228446 0
1691123952889 0.08955314605423165 0
1691123952890 0.08930380594370728 0
1691123952891 0.08878134987220135 0
1691123952892 0.08848196214045365 0
1691123952893 0.08795167774715525 0
1691123952894 0.08756327017919893 0
1691123952895 0.0870631128364141 0
1691123952896 0.08679767439138411 0
1691123952897 0.08641009444922657 0
1691123952898 0.0863934964719439 0
