1691112759933 0.7614145672731245 0
1691112759933 0.7493831398346603 0
1691112759934 0.7375368276581828 0
1691112759935 0.7258517316136543 0
1691112759936 0.7144287252959595 0
1691112759937 0.7033482994555459 0
1691112759938 0.6923317118820432 0
1691112759938 0.6816088475779819 0
1691112759939 0.6709845117083594 0
1691112759940 0.6606322208490883 0
1691112759941 0.650463445646858 0
1691112759942 0.6404746066132809 0
1691112759942 0.6306633182452573 0
1691112759943 0.6211748787889528 0
1691112759944 0.6117402033448158 0
1691112759945 0.6025126429687628 0
1691112759946 0.5935167097766091 0
1691112759947 0.5846445241340311 0
1691112759947 0.5759523867019001 0
1691112759948 0.5674304159640811 0
1691112759949 0.5590733543274511 0
1691112759950 0.5507896356769484 0
1691112759951 0.5427376189096442 0
1691112759951 0.5348843099088404 0
1691112759952 0.5270840615917302 0
1691112759953 0.5194567552229593 0
1691112759954 0.5120380401660805 0
1691112759955 0.5048073512530987 0
1691112759956 0.497643634209632 0
1691112759957 0.4906430997370956 0
1691112759957 0.48374048108380086 0
1691112759958 0.47697585572865026 0
1691112759959 0.47033048394685484 0
1691112759960 0.46385298450252027 0
1691112759961 0.45749826279447525 0
1691112759961 0.4512148136825092 0
1691112759962 0.4450490538111493 0
1691112759963 0.4390249517347659 0
1691112759964 0.433129554315611 0
1691112759965 0.42730825243324605 0
1691112759966 0.42161840862587896 0
1691112759966 0.41603400168013005 0
1691112759967 0.4105553242532229 0
1691112759968 0.4051643238866358 0
1691112759969 0.39994320112873133 0
1691112759970 0.3947831582798376 0
1691112759971 0.38969897652766905 0
1691112759972 0.3846976370526156 0
1691112759973 0.3798382473996568 0
1691112759974 0.3750138479173064 0
1691112759974 0.3703267584762949 0
1691112759975 0.36570867180732664 0
1691112759976 0.3611741122914742 0
1691112759977 0.35673554983994893 0
1691112759978 0.3523596150883116 0
1691112759979 0.34811706994483904 0
1691112759979 0.34394245949828967 0
1691112759980 0.33982869038487146 0
1691112759981 0.33576588725232087 0
1691112759982 0.33183086709325965 0
1691112759983 0.32793131334766223 0
1691112759983 0.32408499856826223 0
1691112759984 0.32030943148266094 0
1691112759985 0.3166091396053315 0
1691112759986 0.31297609943198024 0
1691112759987 0.30943009285823353 0
1691112759988 0.3059274132082725 0
1691112759988 0.30253179009170716 0
1691112759989 0.2991981485087119 0
1691112759990 0.2959012862061205 0
1691112759991 0.29267826626460813 0
1691112759992 0.2895145391748454 0
1691112759992 0.2863259891973918 0
1691112759993 0.28331052111394295 0
1691112759994 0.28025160512635944 0
1691112759995 0.2773229886018737 0
1691112759996 0.2743669657153197 0
1691112759996 0.27153845875572186 0
1691112759997 0.2686915630163508 0
1691112759998 0.2659564546459856 0
1691112759999 0.26328799459126784 0
1691112760000 0.26067244483745744 0
1691112760001 0.25803764295297693 0
1691112760001 0.25547139339305586 0
1691112760002 0.25296719467240886 0
1691112760003 0.2505177774429596 0
1691112760004 0.24812616794240486 0
1691112760005 0.2456860097055882 0
1691112760006 0.24335032441454857 0
1691112760007 0.24100456688469235 0
1691112760008 0.23874048891580016 0
1691112760009 0.2365186101718252 0
1691112760010 0.23423636409628296 0
1691112760011 0.232146314186528 0
1691112760012 0.23007689972823916 0
1691112760012 0.22798545008130344 0
1691112760013 0.2258893736444819 0
1691112760014 0.2239391975779785 0
1691112760015 0.22195332986386979 0
1691112760016 0.22008051927170544 0
