1691123973024 0.6567806768028828 0
1691123973025 0.5604626129209588 0
1691123973026 0.4828491769188217 0
1691123973027 0.41909283997181934 0
1691123973028 0.36567184754246224 0
1691123973029 0.32309960984504166 0
1691123973030 0.2872474162124392 0
1691123973031 0.2577739918489344 0
1691123973032 0.23422998453426325 0
1691123973033 0.2126747000066938 0
1691123973034 0.19543331521373986 0
1691123973035 0.1812311458876697 0
1691123973036 0.16915612073635983 0
1691123973037 0.15845072050891734 0
1691123973038 0.14964325716247057 0
1691123973039 0.1419430349319734 0
1691123973040 0.1360884223035674 0
1691123973041 0.13089817017869956 0
1691123973042 0.12613650776755922 0
1691123973043 0.12167346539217241 0
1691123973044 0.11823899456849507 0
1691123973045 0.11494406451227264 0
1691123973046 0.11210028939892583 0
1691123973047 0.10977764534216546 0
1691123973048 0.10767847460161338 0
1691123973049 0.10564937323191347 0
1691123973050 0.10389763117885059 0
1691123973051 0.10228984727431603 0
1691123973052 0.10075129031694584 0
1691123973053 0.09921141447195159 0
1691123973054 0.09760704749478423 0
1691123973055 0.09648195904759793 0
1691123973056 0.09526740257540887 0
1691123973057 0.09426146586085184 0
1691123973058 0.09307193629502948 0
1691123973059 0.0921603659238433 0
1691123973060 0.09140689144067793 0
1691123973061 0.09046844538495803 0
1691123973062 0.08939452188268232 0
1691123973063 0.08847667114970847 0
1691123973064 0.0877047595074734 0
1691123973065 0.08710807872543451 0
1691123973066 0.08617753994364384 0
1691123973067 0.0853693539425362 0
1691123973068 0.08465188319822142 0
1691123973069 0.08389480067105974 0
1691123973070 0.08338875548953756 0
1691123973071 0.08265981557832058 0
1691123973072 0.08221066699885089 0
1691123973073 0.08170714767544757 0
1691123973074 0.08142511703690776 0
1691123973075 0.08091393533130353 0
1691123973076 0.08013950299497842 0
1691123973077 0.07972035509897527 0
1691123973078 0.07955517710294575 0
1691123973079 0.07892517127608051 0
1691123973080 0.07812038050284786 0
1691123973081 0.07759100285101646 0
1691123973082 0.07751345121664428 0
1691123973083 0.07716188933326382 0
1691123973084 0.07674698226911819 0
1691123973085 0.07619368562251917 0
1691123973086 0.07574071056037508 0
1691123973087 0.07552405766371958 0
1691123973088 0.07543266728909068 0
1691123973089 0.07485403614084463 0
1691123973090 0.07461863519667652 0
1691123973091 0.07437604650228373 0
1691123973092 0.0740654515084018 0
1691123973093 0.07403111373368572 0
1691123973094 0.07366386242221322 0
1691123973095 0.0734281643391973 0
1691123973096 0.07261626275319061 0
1691123973097 0.07220495019494536 0
1691123973099 0.0720603029760578 0
1691123973100 0.07203251518661302 0
1691123973101 0.07170474299923871 0
1691123973102 0.07155948203757004 0
1691123973103 0.0713554635610831 0
1691123973104 0.07084408381277478 0
1691123973105 0.07016820445189355 0
1691123973106 0.0698635728253631 0
1691123973107 0.06960778436138657 0
1691123973108 0.0695889199061929 0
1691123973109 0.06913582075304109 0
1691123973110 0.06899627412147694 0
1691123973111 0.06877699419716403 0
1691123973112 0.0685118052093406 0
1691123973112 0.06832902070098998 0
1691123973113 0.06822412518810715 0
1691123973114 0.06819843890779202 0
1691123973115 0.06801269915438937 0
1691123973116 0.06760967027425265 0
1691123973117 0.06719900558444537 0
1691123973118 0.06690256211222641 0
1691123973119 0.06679477750176549 0
1691123973120 0.06670689455029905 0
1691123973121 0.06626263397774317 0
1691123973122 0.06593924497602062 0
1691123973123 0.06553415439007136 0
