1691123858630 0.7621418438399378 0
1691123858631 0.750702741078255 0
1691123858632 0.7394604335687384 0
1691123858633 0.7284389083424815 0
1691123858634 0.7176021536689488 0
1691123858635 0.7070635583282069 0
1691123858636 0.6966591466785339 0
1691123858637 0.6863795073700493 0
1691123858637 0.6764519542997851 0
1691123858638 0.6665905605424365 0
1691123858639 0.6570063369516109 0
1691123858640 0.6474656201171926 0
1691123858641 0.6382583104437194 0
1691123858642 0.629065251211729 0
1691123858643 0.6200584828941499 0
1691123858644 0.6112389802408712 0
1691123858645 0.602536588259561 0
1691123858646 0.5939862830626543 0
1691123858647 0.5857547190591315 0
1691123858648 0.5775633852572974 0
1691123858648 0.5696158474058391 0
1691123858649 0.5616750084484078 0
1691123858650 0.554149918247991 0
1691123858651 0.5467165244221207 0
1691123858652 0.5394235039846416 0
1691123858653 0.5321220223420162 0
1691123858654 0.5250624698564248 0
1691123858655 0.5180067298808293 0
1691123858656 0.5110909498494364 0
1691123858657 0.5042356369564033 0
1691123858658 0.4976782739108122 0
1691123858659 0.4912125185712107 0
1691123858660 0.4847895279199495 0
1691123858661 0.47863340329108783 0
1691123858662 0.47241487098712087 0
1691123858663 0.4664096091292448 0
1691123858664 0.4604022366825237 0
1691123858665 0.45452405944433755 0
1691123858666 0.448898850796129 0
1691123858667 0.4432671626007841 0
1691123858667 0.4377164117983638 0
1691123858668 0.4322668154741145 0
1691123858669 0.4269154140052119 0
1691123858670 0.4216262143863878 0
1691123858671 0.41660152494921177 0
1691123858672 0.411505246737173 0
1691123858673 0.4066687143257132 0
1691123858674 0.40196526906536717 0
1691123858675 0.3972580249222396 0
1691123858676 0.3926129073670459 0
1691123858677 0.3880259083491241 0
1691123858678 0.38358204105235905 0
1691123858679 0.37937150390179264 0
1691123858680 0.3749370949619129 0
1691123858681 0.3706759810956436 0
1691123858682 0.3664868471548076 0
1691123858683 0.36234246747882554 0
1691123858684 0.3582486940076546 0
1691123858684 0.3543090170883691 0
1691123858685 0.35042527773681076 0
1691123858686 0.3464957451902053 0
1691123858687 0.3427926363254203 0
1691123858688 0.33909495732046907 0
1691123858689 0.3355272584875938 0
1691123858690 0.3321007782054054 0
1691123858691 0.3285931327200864 0
1691123858692 0.3252131400080246 0
1691123858693 0.32194391162573927 0
1691123858694 0.31857723008893307 0
1691123858694 0.31525901787981747 0
1691123858695 0.3120397003633174 0
1691123858696 0.30886223201122726 0
1691123858697 0.3057229824989354 0
1691123858698 0.3026423396809438 0
1691123858699 0.29976408741355925 0
1691123858700 0.29684566049875677 0
1691123858701 0.2939473109099918 0
1691123858702 0.2910862468347121 0
1691123858703 0.28830399963385356 0
1691123858704 0.2855661564444615 0
1691123858705 0.28283615468945666 0
1691123858706 0.28011923383642817 0
1691123858707 0.27761774218395024 0
1691123858708 0.275014251131043 0
1691123858709 0.27254875209997453 0
1691123858710 0.2701399425911078 0
1691123858710 0.2677223840514134 0
1691123858711 0.26533473066916324 0
1691123858712 0.26294252409099694 0
1691123858713 0.26062665063451435 0
1691123858714 0.25841248821705376 0
1691123858715 0.25615502316996897 0
1691123858716 0.25393871477713054 0
1691123858717 0.25175197541344657 0
1691123858718 0.24962906907827126 0
1691123858719 0.24760551606893944 0
1691123858719 0.2455972463446021 0
1691123858720 0.24360802695735692 0
1691123858721 0.24157749595732228 0
1691123858722 0.23967146860254776 0
