1691109442324 0.6604465426339345 0
1691109442325 0.5681433721878134 0
1691109442326 0.4932908723385622 0
1691109442327 0.4326961361037398 0
1691109442328 0.38136741923242995 0
1691109442329 0.3399271359144284 0
1691109442330 0.3052541323729432 0
1691109442330 0.275476083997167 0
1691109442331 0.25090725587487467 0
1691109442332 0.2304911228213348 0
1691109442333 0.21286058103202052 0
1691109442334 0.19903518262887845 0
1691109442334 0.18715928936204398 0
1691109442335 0.17740899455364942 0
1691109442336 0.16909022981029093 0
1691109442337 0.1615933498032012 0
1691109442337 0.1549630353857768 0
1691109442338 0.14978199727141794 0
1691109442339 0.14540841082798858 0
1691109442340 0.1411760798411186 0
1691109442341 0.1373363225358617 0
1691109442341 0.13390490464820382 0
1691109442342 0.13058419259350088 0
1691109442343 0.12789901240528617 0
1691109442344 0.1254794837234414 0
1691109442344 0.12352190630679426 0
1691109442345 0.12140820681365702 0
1691109442346 0.11966514092982027 0
1691109442347 0.118314736393248 0
1691109442347 0.1169282228750923 0
1691109442348 0.11598200490802005 0
1691109442349 0.11462942635441682 0
1691109442350 0.11358424535284166 0
1691109442351 0.11286862718864013 0
1691109442351 0.1119312134307483 0
1691109442352 0.11090104828977894 0
1691109442353 0.1103406877821124 0
1691109442354 0.1095699763529532 0
1691109442354 0.10873619413095813 0
1691109442355 0.10808646886875399 0
1691109442356 0.10731954099807174 0
1691109442357 0.10671679664365559 0
1691109442357 0.1059864710788168 0
1691109442358 0.10540112450829017 0
1691109442359 0.10500332357940549 0
1691109442360 0.10429685624409787 0
1691109442361 0.10374883588989427 0
1691109442361 0.10324473526183438 0
1691109442362 0.10274741419290269 0
1691109442363 0.1024058799632496 0
1691109442364 0.10191873802326712 0
1691109442364 0.10162702708201495 0
1691109442365 0.10139076313739642 0
1691109442366 0.10098565923542738 0
1691109442367 0.1007299729691389 0
1691109442367 0.10017258649009647 0
1691109442368 0.10004736200725677 0
1691109442369 0.09952573278898974 0
1691109442370 0.0992872726246492 0
1691109442371 0.09899171714302693 0
1691109442371 0.09891197044686068 0
1691109442372 0.0986548868838753 0
1691109442373 0.09835249558745188 0
1691109442374 0.09778441905031328 0
1691109442374 0.09738848994442241 0
1691109442375 0.09730486238947991 0
1691109442376 0.09718081372192994 0
1691109442377 0.09680785284335992 0
1691109442378 0.09675592248443833 0
1691109442378 0.09609511730962857 0
1691109442379 0.09587357336910751 0
1691109442380 0.09574689340760381 0
1691109442381 0.0954953228052416 0
1691109442381 0.09502459847323419 0
1691109442382 0.09477229021076566 0
1691109442383 0.09455499377103434 0
1691109442384 0.09416572329646977 0
1691109442384 0.09383046370700578 0
1691109442385 0.09339260236551146 0
1691109442386 0.09331646652590209 0
1691109442387 0.09319908158336397 0
1691109442387 0.09272809426308583 0
1691109442388 0.09240292169731164 0
1691109442389 0.09208317395993068 0
1691109442390 0.09200978865927907 0
1691109442390 0.09167652645031708 0
1691109442391 0.09138776855362124 0
1691109442392 0.09118034075476175 0
1691109442393 0.09096645833679948 0
1691109442394 0.09067562020183793 0
1691109442394 0.09055981910253894 0
1691109442395 0.09026466475245792 0
1691109442396 0.08996420044951273 0
1691109442397 0.08990397470418554 0
1691109442398 0.08952069468546178 0
1691109442399 0.08929952881931787 0
1691109442400 0.08866230461354967 0
1691109442401 0.08854339119923393 0
1691109442402 0.08844085456957669 0
1691109442402 0.08823014606279947 0
