1691123845352 0.7627472600113218 0
1691123845353 0.7525290049461151 0
1691123845353 0.7420059901460525 0
1691123845354 0.7318256656433642 0
1691123845355 0.7214529878812184 0
1691123845356 0.7114429158239042 0
1691123845357 0.7015508209573112 0
1691123845358 0.6919706199464537 0
1691123845359 0.6829262290728575 0
1691123845360 0.6737798157750592 0
1691123845361 0.6648949129081 0
1691123845362 0.655663150335293 0
1691123845363 0.6466368691859566 0
1691123845363 0.6377211972170527 0
1691123845364 0.6296325499711805 0
1691123845365 0.6214932710681809 0
1691123845366 0.6132713706591012 0
1691123845367 0.6053100525479077 0
1691123845368 0.5972170115030463 0
1691123845369 0.5894533290743976 0
1691123845370 0.5817170532996259 0
1691123845371 0.5739997423384575 0
1691123845372 0.5665493811331385 0
1691123845373 0.5592699660969302 0
1691123845374 0.5520430001074419 0
1691123845375 0.5452241540614058 0
1691123845375 0.5385669890953905 0
1691123845376 0.5319004275532956 0
1691123845377 0.5252143081499255 0
1691123845378 0.5185689829859815 0
1691123845379 0.5120134962677554 0
1691123845380 0.5058717591172478 0
1691123845381 0.4997150050358645 0
1691123845382 0.4938515335602222 0
1691123845383 0.4882338852394437 0
1691123845384 0.48237539193746853 0
1691123845385 0.47668553271149394 0
1691123845386 0.47093415406608596 0
1691123845386 0.46541960103014474 0
1691123845387 0.4601848348176344 0
1691123845388 0.4548348919070409 0
1691123845389 0.4497894208781741 0
1691123845390 0.44453977952578855 0
1691123845391 0.4395802148255764 0
1691123845392 0.4345131845804425 0
1691123845393 0.4295841881626616 0
1691123845394 0.4247567947271075 0
1691123845395 0.4200470229240604 0
1691123845396 0.4154332079024872 0
1691123845396 0.4109378048039823 0
1691123845397 0.40639611641131984 0
1691123845398 0.4020065658447507 0
1691123845399 0.3978594456524637 0
1691123845400 0.39355138022432956 0
1691123845401 0.38934195230361457 0
1691123845402 0.3854106994595325 0
1691123845403 0.38130558721685714 0
1691123845404 0.3773243099974453 0
1691123845405 0.3734158714308094 0
1691123845406 0.36973931709145796 0
1691123845407 0.36616806980411654 0
1691123845409 0.36252846486680634 0
1691123845410 0.35906016540071606 0
1691123845411 0.35545267586003737 0
1691123845412 0.3520292939755268 0
1691123845413 0.3486811151208332 0
1691123845414 0.3453344999311349 0
1691123845414 0.34207914039705284 0
1691123845415 0.3389071947945317 0
1691123845416 0.3357231740152186 0
1691123845417 0.3327369494992314 0
1691123845418 0.3296878244490222 0
1691123845419 0.3267413370071126 0
1691123845420 0.32391321177086774 0
1691123845421 0.32084776810197163 0
1691123845422 0.31801492581413343 0
1691123845423 0.31527368732109445 0
1691123845424 0.3126149786246954 0
1691123845425 0.3099078516083832 0
1691123845426 0.3070996458876181 0
1691123845427 0.3044878687279138 0
1691123845428 0.30184083010490204 0
1691123845429 0.29935266190663873 0
1691123845430 0.29694697041012524 0
1691123845431 0.29441412497235586 0
1691123845432 0.2919378781599074 0
1691123845433 0.28954144263052506 0
1691123845433 0.28718513349138075 0
1691123845434 0.28495000190093894 0
1691123845435 0.2827604319543311 0
1691123845436 0.28054565421568783 0
1691123845437 0.27829436317022527 0
1691123845438 0.2760598618699039 0
1691123845439 0.27403144924020195 0
1691123845440 0.2719910721185494 0
1691123845441 0.2699354117656737 0
1691123845442 0.26784742064890277 0
1691123845443 0.26587414849227137 0
1691123845444 0.2639636482720301 0
1691123845444 0.2621524293852223 0
