1691112866790 0.6613253133804784 0
1691112866791 0.5695844851042969 0
1691112866793 0.49564112470901894 0
1691112866794 0.4358745559599644 0
1691112866795 0.38515808553756903 0
1691112866796 0.34300273035092305 0
1691112866797 0.3087852782081632 0
1691112866798 0.2790575959875053 0
1691112866799 0.2547632013639635 0
1691112866800 0.23368762142020177 0
1691112866801 0.21595659132300346 0
1691112866802 0.20072541071082878 0
1691112866802 0.1881625921431055 0
1691112866803 0.17772461955197297 0
1691112866804 0.1692473465997704 0
1691112866805 0.1620072573813242 0
1691112866806 0.1552136221221599 0
1691112866807 0.15006792585474626 0
1691112866808 0.14515102994721474 0
1691112866809 0.14104882538752708 0
1691112866809 0.13748638422514892 0
1691112866810 0.1343630716278152 0
1691112866811 0.1314779526910201 0
1691112866812 0.128901348993784 0
1691112866813 0.12694311238264627 0
1691112866814 0.12497992036852092 0
1691112866815 0.12322664238079274 0
1691112866816 0.12174705496906377 0
1691112866816 0.11985125489159666 0
1691112866817 0.1183464232260253 0
1691112866819 0.11714288904215475 0
1691112866819 0.11561453455959712 0
1691112866820 0.11467069397486496 0
1691112866821 0.11376686224176616 0
1691112866822 0.11288170719750074 0
1691112866823 0.11217221522874998 0
1691112866824 0.11138504660193504 0
1691112866825 0.11050213718820033 0
1691112866826 0.10972231083314846 0
1691112866827 0.10900135625094194 0
1691112866828 0.10841393145671183 0
1691112866829 0.10775143614895664 0
1691112866829 0.10727990334974435 0
1691112866830 0.10662611060761727 0
1691112866831 0.10623352359228545 0
1691112866832 0.10571825910138938 0
1691112866833 0.10551395690573727 0
1691112866834 0.10483821545089986 0
1691112866835 0.1046018938653257 0
1691112866836 0.10431816715312558 0
1691112866837 0.10401729393387359 0
1691112866837 0.10392548560650366 0
1691112866838 0.10358826676034014 0
1691112866839 0.10307716111848854 0
1691112866840 0.10300984166445805 0
1691112866841 0.10251209467850118 0
1691112866842 0.10245511388611671 0
1691112866843 0.1020977711192181 0
1691112866843 0.10164839767783301 0
1691112866844 0.10127575259889667 0
1691112866845 0.10089129251958796 0
1691112866846 0.1007864279225549 0
1691112866847 0.10071046722710926 0
1691112866848 0.10066261041678307 0
1691112866849 0.09985309290774014 0
1691112866850 0.09910260915528314 0
1691112866851 0.09855637377751435 0
1691112866851 0.09784716442248925 0
1691112866852 0.09735202209816979 0
1691112866853 0.09697414701079922 0
1691112866854 0.09676261878574313 0
1691112866855 0.09626179357259576 0
1691112866856 0.09562401693805374 0
1691112866857 0.09537771835213282 0
1691112866857 0.09501633702939558 0
1691112866858 0.09482676515181496 0
1691112866859 0.09461468223259625 0
1691112866860 0.09438369295879274 0
1691112866861 0.09431427036259134 0
1691112866862 0.09406214938326214 0
1691112866864 0.0936129146533546 0
1691112866865 0.09355862041868204 0
1691112866866 0.09348988913781225 0
1691112866867 0.09342826298582761 0
1691112866868 0.09294479120247676 0
1691112866868 0.09277436704786197 0
1691112866869 0.0923398014581089 0
1691112866870 0.09229052147607582 0
1691112866871 0.09202751881361709 0
1691112866872 0.09199775868219737 0
1691112866873 0.09168169442622234 0
1691112866874 0.09122569137730681 0
1691112866875 0.09080956688704545 0
1691112866876 0.09040268556988129 0
1691112866876 0.09012126037741182 0
1691112866877 0.0896799771212135 0
1691112866878 0.08932472759561265 0
1691112866879 0.0892847807538563 0
1691112866880 0.0890114661546868 0
1691112866881 0.08877619503716842 0
