1691112829491 0.6789712663712169 0
1691112829492 0.6035488485109488 0
1691112829493 0.5333692168640027 0
1691112829494 0.48207032522700904 0
1691112829494 0.43166431229446983 0
1691112829495 0.3939323606263961 0
1691112829496 0.35967702880268065 0
1691112829497 0.3324968668789556 0
1691112829498 0.31057290956973255 0
1691112829499 0.2877650068085066 0
1691112829500 0.2695884768935622 0
1691112829501 0.2530248730805432 0
1691112829502 0.2389588874562151 0
1691112829503 0.22875066666355445 0
1691112829503 0.21895209556626577 0
1691112829504 0.21022149387683428 0
1691112829505 0.2029754139342919 0
1691112829506 0.196206578800677 0
1691112829507 0.19044139870251417 0
1691112829508 0.1856262135609089 0
1691112829509 0.18088510555487414 0
1691112829509 0.1767074097728078 0
1691112829510 0.1732322809693487 0
1691112829511 0.1701734816183276 0
1691112829512 0.16727573154051645 0
1691112829513 0.16469098797632184 0
1691112829514 0.16237199565957025 0
1691112829515 0.16022442681393514 0
1691112829516 0.15836049231687843 0
1691112829516 0.15682190145225589 0
1691112829517 0.15534778639676847 0
1691112829518 0.1539309187591042 0
1691112829519 0.15275771115529838 0
1691112829520 0.1517618088652668 0
1691112829521 0.1508349277081651 0
1691112829522 0.14989998958660672 0
1691112829523 0.1489435045729644 0
1691112829524 0.14824517681225297 0
1691112829525 0.14756336967313632 0
1691112829526 0.1466929080355569 0
1691112829527 0.146013222070526 0
1691112829528 0.14535812019911412 0
1691112829529 0.14478765431809443 0
1691112829529 0.14418005469575249 0
1691112829530 0.14362597857308773 0
1691112829531 0.1432722484259213 0
1691112829532 0.1428833678151631 0
1691112829533 0.14239723002384266 0
1691112829534 0.14197706733603924 0
1691112829535 0.1416277260679203 0
1691112829536 0.14130808968840403 0
1691112829537 0.14088312481528267 0
1691112829537 0.14063056099857849 0
1691112829538 0.14037266433147785 0
1691112829539 0.14008985974085647 0
1691112829540 0.13986065748537857 0
1691112829541 0.1396811806419516 0
1691112829542 0.13931713783381441 0
1691112829542 0.13887227963224058 0
1691112829543 0.13868647055148478 0
1691112829544 0.1385229002836317 0
1691112829545 0.13839386149805125 0
1691112829546 0.1382312183243553 0
1691112829547 0.13788444317399326 0
1691112829548 0.13757878562231432 0
1691112829549 0.13745371869680204 0
1691112829549 0.13733064296757186 0
1691112829550 0.13700721267824992 0
1691112829551 0.13688137431576633 0
1691112829552 0.13651371535742401 0
1691112829553 0.13644320320438258 0
1691112829554 0.1361375674617321 0
1691112829554 0.1359383212901582 0
1691112829555 0.13582353807987277 0
1691112829556 0.13567868363724384 0
1691112829557 0.13558863577885696 0
1691112829558 0.13535031858178426 0
1691112829559 0.13490942998025982 0
1691112829560 0.13471042357012936 0
1691112829560 0.13465199843289635 0
1691112829561 0.13454511314071163 0
1691112829562 0.1345028105744069 0
1691112829563 0.13432457380921012 0
1691112829564 0.1342569667233429 0
1691112829565 0.13386780002373466 0
1691112829566 0.13373121251900333 0
1691112829566 0.13343637607603803 0
1691112829567 0.13309170320218752 0
1691112829568 0.13306054901641484 0
1691112829569 0.13296993340718774 0
1691112829570 0.132635120481154 0
1691112829571 0.1324114721965594 0
1691112829572 0.13237269321809578 0
1691112829572 0.13226301243494298 0
1691112829574 0.13188524078809663 0
1691112829575 0.13184342532336005 0
1691112829576 0.1316843964579336 0
1691112829577 0.13162339706394902 0
1691112829579 0.13159866598065703 0
1691112829580 0.13139547854732758 0
